# Formfaktor P(q) = I_fit/S(q) (ohne Untergrund)
# record_id: 4e638f03-a077-45cb-a135-e22e59d780c7
# erzeugt von: ScatterForge Plot 7.11.0 / analysis.gift 0.4.0
# Quelle: Sphere_140+Hardsphere.txt
# Dmax = 62.17 nm, N = 200, K = dirichlet, lambda_rel = 7.499e-13 (Wendepunkt)
# q-Bereich: 0.0505337 - 10 nm^-1 (full)
# Rg = 10.8444 +- 0.137 nm, I(0) = 5747.08 +- 22.2, MD = 0.002797
# GIFT: S(q) = hs_py_avg; phi = 0.200001 +- 0.00581, r_hs = 14 +- 0.0757, mu = 0.000477663 +- 1.1; MD ohne S(q) = 5.118
# Flags: dmax_qmin=warning, shannon=ok, q_range=ok, sigma_estimated=info, lambda=warning, fit_quality=info, pr_end=ok, pr_tail=info, pr_negative=ok, gift_bound=warning, gift_improvement=ok, gift_lambda=warning, gift_multistart=info, gift_apparent=info
# q / nm^-1	P(q)	sigma_P(q)
5.05337220e-02	5.19585760e+03	1.05155662e+01
5.10731412e-02	5.18454151e+03	1.03459956e+01
5.16183184e-02	5.17300430e+03	1.01759695e+01
5.21693150e-02	5.16124213e+03	1.00055995e+01
5.27261933e-02	5.14925112e+03	9.83500414e+00
5.32890158e-02	5.13702734e+03	9.66430894e+00
5.38578463e-02	5.12456681e+03	9.49364681e+00
5.44327486e-02	5.11186551e+03	9.32315833e+00
5.50137877e-02	5.09891939e+03	9.15299193e+00
5.56010291e-02	5.08572434e+03	8.98330421e+00
5.61945390e-02	5.07227621e+03	8.81426016e+00
5.67943842e-02	5.05857083e+03	8.64603340e+00
5.74006325e-02	5.04460396e+03	8.47880630e+00
5.80133521e-02	5.03037134e+03	8.31277023e+00
5.86326121e-02	5.01586867e+03	8.14812557e+00
5.92584824e-02	5.00109161e+03	7.98508178e+00
5.98910335e-02	4.98603579e+03	7.82385738e+00
6.05303368e-02	4.97069680e+03	7.66467976e+00
6.11764642e-02	4.95507021e+03	7.50778494e+00
6.18294888e-02	4.93915154e+03	7.35341721e+00
6.24894839e-02	4.92293631e+03	7.20182851e+00
6.31565242e-02	4.90641998e+03	7.05327770e+00
6.38306847e-02	4.88959802e+03	6.90802958e+00
6.45120415e-02	4.87246585e+03	6.76635367e+00
6.52006715e-02	4.85501889e+03	6.62852268e+00
6.58966521e-02	4.83725253e+03	6.49481070e+00
6.66000620e-02	4.81916214e+03	6.36549106e+00
6.73109804e-02	4.80074310e+03	6.24083380e+00
6.80294874e-02	4.78199076e+03	6.12110281e+00
6.87556641e-02	4.76290048e+03	6.00655265e+00
6.94895923e-02	4.74346760e+03	5.89742496e+00
7.02313548e-02	4.72368748e+03	5.79394468e+00
7.09810352e-02	4.70355547e+03	5.69631591e+00
7.17387180e-02	4.68306692e+03	5.60471780e+00
7.25044886e-02	4.66221723e+03	5.51930023e+00
7.32784334e-02	4.64100177e+03	5.44017973e+00
7.40606397e-02	4.61941596e+03	5.36743559e+00
7.48511956e-02	4.59745523e+03	5.30110633e+00
7.56501902e-02	4.57511505e+03	5.24118684e+00
7.64577136e-02	4.55239092e+03	5.18762613e+00
7.72738569e-02	4.52927839e+03	5.14032595e+00
7.80987120e-02	4.50577304e+03	5.09914033e+00
7.89323720e-02	4.48187051e+03	5.06387612e+00
7.97749309e-02	4.45756649e+03	5.03429449e+00
8.06264836e-02	4.43285676e+03	5.01011337e+00
8.14871262e-02	4.40773713e+03	4.99101074e+00
8.23569557e-02	4.38220352e+03	4.97662870e+00
8.32360701e-02	4.35625191e+03	4.96657806e+00
8.41245685e-02	4.32987840e+03	4.96044338e+00
8.50225512e-02	4.30307916e+03	4.95778824e+00
8.59301193e-02	4.27585049e+03	4.95816057e+00
8.68473752e-02	4.24818878e+03	4.96109798e+00
8.77744223e-02	4.22009056e+03	4.96613278e+00
8.87113651e-02	4.19155250e+03	4.97279680e+00
8.96583093e-02	4.16257140e+03	4.98062580e+00
9.06153615e-02	4.13314421e+03	4.98916347e+00
9.15826298e-02	4.10326803e+03	4.99796504e+00
9.25602231e-02	4.07294017e+03	5.00660036e+00
9.35482516e-02	4.04215807e+03	5.01465671e+00
9.45468268e-02	4.01091940e+03	5.02174107e+00
9.55560613e-02	3.97922202e+03	5.02748212e+00
9.65760687e-02	3.94706399e+03	5.03153194e+00
9.76069642e-02	3.91444361e+03	5.03356733e+00
9.86488639e-02	3.88135942e+03	5.03329101e+00
9.97018853e-02	3.84781021e+03	5.03043254e+00
1.00766147e-01	3.81379503e+03	5.02474910e+00
1.01841769e-01	3.77931318e+03	5.01602610e+00
1.02928873e-01	3.74436429e+03	5.00407769e+00
1.04027581e-01	3.70894827e+03	4.98874719e+00
1.05138017e-01	3.67306534e+03	4.96990734e+00
1.06260307e-01	3.63671607e+03	4.94746060e+00
1.07394576e-01	3.59990135e+03	4.92133924e+00
1.08540953e-01	3.56262245e+03	4.89150548e+00
1.09699567e-01	3.52488099e+03	4.85795144e+00
1.10870548e-01	3.48667901e+03	4.82069906e+00
1.12054030e-01	3.44801893e+03	4.77979994e+00
1.13250144e-01	3.40890360e+03	4.73533503e+00
1.14459025e-01	3.36933629e+03	4.68741417e+00
1.15680811e-01	3.32932074e+03	4.63617557e+00
1.16915639e-01	3.28886115e+03	4.58178499e+00
1.18163648e-01	3.24796220e+03	4.52443486e+00
1.19424979e-01	3.20662906e+03	4.46434302e+00
1.20699774e-01	3.16486745e+03	4.40175131e+00
1.21988176e-01	3.12268357e+03	4.33692383e+00
1.23290332e-01	3.08008422e+03	4.27014482e+00
1.24606387e-01	3.03707673e+03	4.20171624e+00
1.25936491e-01	2.99366901e+03	4.13195490e+00
1.27280792e-01	2.94986958e+03	4.06118918e+00
1.28639443e-01	2.90568757e+03	3.98975532e+00
1.30012597e-01	2.86113272e+03	3.91799319e+00
1.31400409e-01	2.81621544e+03	3.84624169e+00
1.32803035e-01	2.77094676e+03	3.77483364e+00
1.34220633e-01	2.72533840e+03	3.70409039e+00
1.35653363e-01	2.67940278e+03	3.63431604e+00
1.37101387e-01	2.63315298e+03	3.56579157e+00
1.38564867e-01	2.58660282e+03	3.49876891e+00
1.40043970e-01	2.53976682e+03	3.43346520e+00
1.41538860e-01	2.49266024e+03	3.37005738e+00
1.43049709e-01	2.44529909e+03	3.30867746e+00
1.44576684e-01	2.39770012e+03	3.24940859e+00
1.46119959e-01	2.34988083e+03	3.19228227e+00
1.47679708e-01	2.30185951e+03	3.13727686e+00
1.49256106e-01	2.25365520e+03	3.08431746e+00
1.50849332e-01	2.20528772e+03	3.03327745e+00
1.52459564e-01	2.15677766e+03	2.98398153e+00
1.54086984e-01	2.10814641e+03	2.93621029e+00
1.55731777e-01	2.05941610e+03	2.88970612e+00
1.57394126e-01	2.01060967e+03	2.84418029e+00
1.59074220e-01	1.96175080e+03	2.79932089e+00
1.60772248e-01	1.91286396e+03	2.75480133e+00
1.62488402e-01	1.86397434e+03	2.71028920e+00
1.64222875e-01	1.81510791e+03	2.66545503e+00
1.65975862e-01	1.76629134e+03	2.61998071e+00
1.67747562e-01	1.71755201e+03	2.57356748e+00
1.69538173e-01	1.66891802e+03	2.52594310e+00
1.71347898e-01	1.62041811e+03	2.47686816e+00
1.73176941e-01	1.57208168e+03	2.42614139e+00
1.75025508e-01	1.52393875e+03	2.37360400e+00
1.76893807e-01	1.47601991e+03	2.31914280e+00
1.78782049e-01	1.42835631e+03	2.26269236e+00
1.80690448e-01	1.38097963e+03	2.20423607e+00
1.82619217e-01	1.33392200e+03	2.14380610e+00
1.84568575e-01	1.28721598e+03	2.08148242e+00
1.86538741e-01	1.24089451e+03	2.01739083e+00
1.88529938e-01	1.19499086e+03	1.95170004e+00
1.90542389e-01	1.14953855e+03	1.88461796e+00
1.92576322e-01	1.10457133e+03	1.81638707e+00
1.94631967e-01	1.06012308e+03	1.74727910e+00
1.96709554e-01	1.01622776e+03	1.67758898e+00
1.98809319e-01	9.72919309e+02	1.60762817e+00
2.00931497e-01	9.30231624e+02	1.53771753e+00
2.03076328e-01	8.88198427e+02	1.46817969e+00
2.05244054e-01	8.46853203e+02	1.39933125e+00
2.07434919e-01	8.06229110e+02	1.33147488e+00
2.09649171e-01	7.66358882e+02	1.26489160e+00
2.11887059e-01	7.27274740e+02	1.19983348e+00
2.14148834e-01	6.89008288e+02	1.13651712e+00
2.16434753e-01	6.51590414e+02	1.07511818e+00
2.18745073e-01	6.15051180e+02	1.01576742e+00
2.21080054e-01	5.79419720e+02	9.58548496e-01
2.23439960e-01	5.44724127e+02	9.03497788e-01
2.25825056e-01	5.10991338e+02	8.50606537e-01
2.28235612e-01	4.78247023e+02	7.99825189e-01
2.30671900e-01	4.46515469e+02	7.51069867e-01
2.33134193e-01	4.15819462e+02	7.04230601e-01
2.35622770e-01	3.86180175e+02	6.59180796e-01
2.38137911e-01	3.57617044e+02	6.15787299e-01
2.40679900e-01	3.30147659e+02	5.73920342e-01
2.43249023e-01	3.03787649e+02	5.33462669e-01
2.45845570e-01	2.78550568e+02	4.94317245e-01
2.48469834e-01	2.54447787e+02	4.56413071e-01
2.51122111e-01	2.31488392e+02	4.19708825e-01
2.53802699e-01	2.09679079e+02	3.84194248e-01
2.56511900e-01	1.89024061e+02	3.49889326e-01
2.59250021e-01	1.69524980e+02	3.16841511e-01
2.62017370e-01	1.51180824e+02	2.85121311e-01
2.64814259e-01	1.33987853e+02	2.54816653e-01
2.67641003e-01	1.17939539e+02	2.26026464e-01
2.70497921e-01	1.03026505e+02	1.98853970e-01
2.73385334e-01	8.92364860e+01	1.73400169e-01
2.76303570e-01	7.65542993e+01	1.49757984e-01
2.79252956e-01	6.49618232e+01	1.28007580e-01
2.82233825e-01	5.44379944e+01	1.08213359e-01
2.85246513e-01	4.49588198e+01	9.04231701e-02
2.88291359e-01	3.64974024e+01	7.46702668e-02
2.91368708e-01	2.90239857e+01	6.09784019e-02
2.94478906e-01	2.25060145e+01	4.93695875e-02
2.97622304e-01	1.69082146e+01	3.98710651e-02
3.00799255e-01	1.21926908e+01	3.25099560e-02
3.04010119e-01	8.31904438e+00	2.72713176e-02
3.07255256e-01	5.24451063e+00	2.40031780e-02
3.10535034e-01	2.92411576e+00	2.23308031e-02
3.13849822e-01	1.31085412e+00	2.17123618e-02
3.17199993e-01	3.55885288e-01	2.16244207e-02
3.20585925e-01	8.75073634e-03	2.17055151e-02
3.24008001e-01	2.17609656e-01	2.17885798e-02
3.27466605e-01	9.29493213e-01	2.18779232e-02
3.30962127e-01	2.09057628e+00	2.21178179e-02
3.34494963e-01	3.64646547e+00	2.27534213e-02
3.38065509e-01	5.54250205e+00	2.40637698e-02
3.41674169e-01	7.72407796e+00	2.62671046e-02
3.45321350e-01	1.01369631e+01	2.94452738e-02
3.49007462e-01	1.27276413e+01	3.35359051e-02
3.52732921e-01	1.54436534e+01	3.83799657e-02
3.56498147e-01	1.82339428e+01	4.37767567e-02
3.60303565e-01	2.10492027e+01	4.95201081e-02
3.64149604e-01	2.38422202e+01	5.54166472e-02
3.68036697e-01	2.65682141e+01	6.12943686e-02
3.71965283e-01	2.91851628e+01	6.70070075e-02
3.75935804e-01	3.16541189e+01	7.24363236e-02
3.79948708e-01	3.39395050e+01	7.74926066e-02
3.84004448e-01	3.60093887e+01	8.21131203e-02
3.88103481e-01	3.78357306e+01	8.62582496e-02
3.92246268e-01	3.93946028e+01	8.99054778e-02
3.96433277e-01	4.06663724e+01	9.30418146e-02
4.00664981e-01	4.16358476e+01	9.56557744e-02
4.04941855e-01	4.22923810e+01	9.77303119e-02
4.09264383e-01	4.26299283e+01	9.92381297e-02
4.13633051e-01	4.26470581e+01	1.00140416e-01
4.18048352e-01	4.23469111e+01	1.00389419e-01
4.22510784e-01	4.17371056e+01	9.99344750e-02
4.27020850e-01	4.08295892e+01	9.87304315e-02
4.31579059e-01	3.96404347e+01	9.67469465e-02
4.36185923e-01	3.81895809e+01	9.39770612e-02
4.40841964e-01	3.65005194e+01	9.04436237e-02
4.45547705e-01	3.45999286e+01	8.62025525e-02
4.50303677e-01	3.25172576e+01	8.13424435e-02
4.55110417e-01	3.02842658e+01	7.59805837e-02
4.59968466e-01	2.79345190e+01	7.02559562e-02
4.64878372e-01	2.55028530e+01	6.43202919e-02
4.69840688e-01	2.30248071e+01	5.83285572e-02
4.74855974e-01	2.05360384e+01	5.24304284e-02
4.79924796e-01	1.80717238e+01	4.67641623e-02
4.85047724e-01	1.56659617e+01	4.14537338e-02
4.90225337e-01	1.33511802e+01	3.66090521e-02
4.95458218e-01	1.11575669e+01	3.23274714e-02
5.00746957e-01	9.11252828e+00	2.86929248e-02
5.06092151e-01	7.24019150e+00	2.57679335e-02
5.11494401e-01	5.56096010e+00	2.35761134e-02
5.16954317e-01	4.09113396e+00	2.20812577e-02
5.22472515e-01	2.84260428e+00	2.11792144e-02
5.28049617e-01	1.82263279e+00	2.07161280e-02
5.33686251e-01	1.03372338e+00	2.05269124e-02
5.39383053e-01	4.73592656e-01	2.04727416e-02
5.45140665e-01	1.35244233e-01	2.04621846e-02
5.50959736e-01	7.14908645e-03	2.04548909e-02
5.56840923e-01	7.35322300e-02	2.04540801e-02
5.62784888e-01	3.14763093e-01	2.04939254e-02
5.68792302e-01	7.07844281e-01	2.06253607e-02
5.74863841e-01	1.22699047e+00	2.09017062e-02
5.81000191e-01	1.84428624e+00	2.13645881e-02
5.87202042e-01	2.53040892e+00	2.20311757e-02
5.93470095e-01	3.25539951e+00	2.28851669e-02
5.99805056e-01	3.98946278e+00	2.38745950e-02
6.06207640e-01	4.70377514e+00	2.49180959e-02
6.12678567e-01	5.37127757e+00	2.59184443e-02
6.19218567e-01	5.96742983e+00	2.67798383e-02
6.25828379e-01	6.47090191e+00	2.74246163e-02
6.32508746e-01	6.86417910e+00	2.78055585e-02
6.39260423e-01	7.13405845e+00	2.79110673e-02
6.46084170e-01	7.27201658e+00	2.77621649e-02
6.52980757e-01	7.27443186e+00	2.74024025e-02
6.59950961e-01	7.14264800e+00	2.68841334e-02
6.66995568e-01	6.88287095e+00	2.62562069e-02
6.74115372e-01	6.50589630e+00	2.55576446e-02
6.81311176e-01	6.02667079e+00	2.48187765e-02
6.88583792e-01	5.46369772e+00	2.40670240e-02
6.95934038e-01	4.83830277e+00	2.33318730e-02
7.03362744e-01	4.17378326e+00	2.26446221e-02
7.10870748e-01	3.49446992e+00	2.20327059e-02
7.18458895e-01	2.82473566e+00	2.15128346e-02
7.26128041e-01	2.18799005e+00	2.10883516e-02
7.33879052e-01	1.60570114e+00	2.07528411e-02
7.41712800e-01	1.09648775e+00	2.04968889e-02
7.49630169e-01	6.75324560e-01	2.03127017e-02
7.57632051e-01	3.52899686e-01	2.01938787e-02
7.65719349e-01	1.35159865e-01	2.01321759e-02
7.73892974e-01	2.30712044e-02	2.01152031e-02
7.82153848e-01	1.26147338e-02	2.01270661e-02
7.90502903e-01	9.50253133e-02	2.01506670e-02
7.98941079e-01	2.57270541e-01	2.01695472e-02
8.07469327e-01	4.82753551e-01	2.01694309e-02
8.16088610e-01	7.52210719e-01	2.01417061e-02
8.24799899e-01	1.04476292e+00	2.00895368e-02
8.33604176e-01	1.33906803e+00	2.00327825e-02
8.42502434e-01	1.61451358e+00	2.00051216e-02
8.51495676e-01	1.85238244e+00	2.00402623e-02
8.60584916e-01	2.03692234e+00	2.01531526e-02
8.69771178e-01	2.15625157e+00	2.03288877e-02
8.79055498e-01	2.20303982e+00	2.05279124e-02
8.88438923e-01	2.17491359e+00	2.07033096e-02
8.97922511e-01	2.07455070e+00	2.08174687e-02
9.07507331e-01	1.90944699e+00	2.08492378e-02
9.17194464e-01	1.69135961e+00	2.07929904e-02
9.26985001e-01	1.43545374e+00	2.06569134e-02
9.36880047e-01	1.15920255e+00	2.04644390e-02
9.46880717e-01	8.81110287e-01	2.02547590e-02
9.56988139e-01	6.19346048e-01	2.00749850e-02
9.67203451e-01	3.90387081e-01	1.99626370e-02
9.77527807e-01	2.07775577e-01	1.99278206e-02
9.87962369e-01	8.10897223e-02	1.99483542e-02
9.98508314e-01	1.52183282e-02	1.99825443e-02
1.00916683e+00	1.00083104e-02	1.99915056e-02
1.01993912e+00	6.03269126e-02	1.99581159e-02
1.03082640e+00	1.56547245e-01	1.98941153e-02
1.04182990e+00	2.85429033e-01	1.98335767e-02
1.05295085e+00	4.31329445e-01	1.98159855e-02
1.06419051e+00	5.77644959e-01	1.98659301e-02
1.07555014e+00	7.08358041e-01	1.99784994e-02
1.08703104e+00	8.09545360e-01	2.01176547e-02
1.09863449e+00	8.70699991e-01	2.02291845e-02
1.11036180e+00	8.85730454e-01	2.02635389e-02
1.12221429e+00	8.53524777e-01	2.01992489e-02
1.13419330e+00	7.78006921e-01	2.00555867e-02
1.14630017e+00	6.67662940e-01	1.98859080e-02
1.15853629e+00	5.34570734e-01	1.97527451e-02
1.17090301e+00	3.93024262e-01	1.96978044e-02
1.18340175e+00	2.57894212e-01	1.97241634e-02
1.19603390e+00	1.42905456e-01	1.97994746e-02
1.20880089e+00	5.90314492e-02	1.98764111e-02
1.22170416e+00	1.32024879e-02	1.99191436e-02
1.23474517e+00	7.49676202e-03	1.99217036e-02
1.24792538e+00	3.89313277e-02	1.99060495e-02
1.26124629e+00	9.98991130e-02	1.98999776e-02
1.27470939e+00	1.79215396e-01	1.99121941e-02
1.28831620e+00	2.63653119e-01	1.99249725e-02
1.30206825e+00	3.39772585e-01	1.99083837e-02
1.31596710e+00	3.95799161e-01	1.98436879e-02
1.33001431e+00	4.23282349e-01	1.97410389e-02
1.34421147e+00	4.18287233e-01	1.96403624e-02
1.35856017e+00	3.81925877e-01	1.95902717e-02
1.37306204e+00	3.20126902e-01	1.96152792e-02
1.38771871e+00	2.42655033e-01	1.96974035e-02
1.40253183e+00	1.61512781e-01	1.97902009e-02
1.41750307e+00	8.89643018e-02	1.98532615e-02
1.43263413e+00	3.54972210e-02	1.98770926e-02
1.44792669e+00	8.06568148e-03	1.98796448e-02
1.46338250e+00	8.92731817e-03	1.98812414e-02
1.47900329e+00	3.52981455e-02	1.98817257e-02
1.49479082e+00	7.99130267e-02	1.98604542e-02
1.51074688e+00	1.32416435e-01	1.98001574e-02
1.52687325e+00	1.81347266e-01	1.97136669e-02
1.54317177e+00	2.16354249e-01	1.96448343e-02
1.55964427e+00	2.30213807e-01	1.96356233e-02
1.57629259e+00	2.20239395e-01	1.96887117e-02
1.59311864e+00	1.88774825e-01	1.97648701e-02
1.61012428e+00	1.42640344e-01	1.98183428e-02
1.62731146e+00	9.16180029e-02	1.98345664e-02
1.64468210e+00	4.62778678e-02	1.98344219e-02
1.66223816e+00	1.56098809e-02	1.98431635e-02
1.67998162e+00	4.99482102e-03	1.98585012e-02
1.69791448e+00	1.49964794e-02	1.98539034e-02
1.71603877e+00	4.12865758e-02	1.98144730e-02
1.73435652e+00	7.57545387e-02	1.97631275e-02
1.75286981e+00	1.08562634e-01	1.97403805e-02
1.77158071e+00	1.30654737e-01	1.97581583e-02
1.79049134e+00	1.36084121e-01	1.97869838e-02
1.80960384e+00	1.23540824e-01	1.97927093e-02
1.82892034e+00	9.66434658e-02	1.97768298e-02
1.84844305e+00	6.28788949e-02	1.97727277e-02
1.86817414e+00	3.14478524e-02	1.97998500e-02
1.88811585e+00	1.06026240e-02	1.98346406e-02
1.90827043e+00	5.24160558e-03	1.98422146e-02
1.92864015e+00	1.54875450e-02	1.98236576e-02
1.94922730e+00	3.67120161e-02	1.98092174e-02
1.97003421e+00	6.10401958e-02	1.98090301e-02
1.99106323e+00	7.98995156e-02	1.97969005e-02
2.01231671e+00	8.68137790e-02	1.97557197e-02
2.03379707e+00	7.95225776e-02	1.97168620e-02
2.05550671e+00	6.06887661e-02	1.97256414e-02
2.07744809e+00	3.69092839e-02	1.97766324e-02
2.09962369e+00	1.63307818e-02	1.98197025e-02
2.12203600e+00	5.69048089e-03	1.98294226e-02
2.14468754e+00	7.85529612e-03	1.98262549e-02
2.16758088e+00	2.07977088e-02	1.98225301e-02
2.19071859e+00	3.84410360e-02	1.97954110e-02
2.21410329e+00	5.30947559e-02	1.97402730e-02
2.23773760e+00	5.85502216e-02	1.97060750e-02
2.26162420e+00	5.25917385e-02	1.97313981e-02
2.28576577e+00	3.78611912e-02	1.97831126e-02
2.31016504e+00	2.06639445e-02	1.98097364e-02
2.33482476e+00	8.17866131e-03	1.98149541e-02
2.35974770e+00	5.26412999e-03	1.98221394e-02
2.38493669e+00	1.22960157e-02	1.98138100e-02
2.41039455e+00	2.50591096e-02	1.97744102e-02
2.43612417e+00	3.68001326e-02	1.97449504e-02
2.46212843e+00	4.15111392e-02	1.97591803e-02
2.48841027e+00	3.68648602e-02	1.97827048e-02
2.51497266e+00	2.53231947e-02	1.97850615e-02
2.54181858e+00	1.28052350e-02	1.97929522e-02
2.56895107e+00	5.54680799e-03	1.98149272e-02
2.59637319e+00	6.77663763e-03	1.98129215e-02
2.62408802e+00	1.50094575e-02	1.97886314e-02
2.65209869e+00	2.49426580e-02	1.97805090e-02
2.68040836e+00	3.05145890e-02	1.97774328e-02
2.70902021e+00	2.84135360e-02	1.97603476e-02
2.73793749e+00	1.99824942e-02	1.97651979e-02
2.76716344e+00	1.03362100e-02	1.97982964e-02
2.79670136e+00	5.16399834e-03	1.98109159e-02
2.82655458e+00	7.16198597e-03	1.98045457e-02
2.85672647e+00	1.43622572e-02	1.98007265e-02
2.88722042e+00	2.14914600e-02	1.97721216e-02
2.91803988e+00	2.35278687e-02	1.97396058e-02
2.94918833e+00	1.90984276e-02	1.97615838e-02
2.98066926e+00	1.13643824e-02	1.97990325e-02
3.01248623e+00	5.71357523e-03	1.98046339e-02
3.04464284e+00	5.84662350e-03	1.98057330e-02
3.07714270e+00	1.10919496e-02	1.97911625e-02
3.10998947e+00	1.69856964e-02	1.97591167e-02
3.14318687e+00	1.87456963e-02	1.97656836e-02
3.17673863e+00	1.49986942e-02	1.97860540e-02
3.21064853e+00	8.80751576e-03	1.97885553e-02
3.24492041e+00	5.10916255e-03	1.98041226e-02
3.27955812e+00	6.60372876e-03	1.97996929e-02
3.31456556e+00	1.15231390e-02	1.97757786e-02
3.34994670e+00	1.52336537e-02	1.97794598e-02
3.38570550e+00	1.43468056e-02	1.97752433e-02
3.42184601e+00	9.71923955e-03	1.97772112e-02
3.45837230e+00	5.58941708e-03	1.98005320e-02
3.49528849e+00	5.57750987e-03	1.97991301e-02
3.53259874e+00	9.27289650e-03	1.97918887e-02
3.57030725e+00	1.27115077e-02	1.97693373e-02
3.60841828e+00	1.23453210e-02	1.97593562e-02
3.64693613e+00	8.58905068e-03	1.97912082e-02
3.68586513e+00	5.31332941e-03	1.97979638e-02
3.72520968e+00	5.74107306e-03	1.97977133e-02
3.76497420e+00	9.04077853e-03	1.97798274e-02
3.80516319e+00	1.13133457e-02	1.97676600e-02
3.84578118e+00	9.95676841e-03	1.97835865e-02
3.88683274e+00	6.55992165e-03	1.97885887e-02
3.92832251e+00	4.98962114e-03	1.97987420e-02
3.97025515e+00	6.82870782e-03	1.97861244e-02
4.01263540e+00	9.54715777e-03	1.97880386e-02
4.05546804e+00	9.66074595e-03	1.97618305e-02
4.09875789e+00	7.05109312e-03	1.97889796e-02
4.14250983e+00	5.03395628e-03	1.97963272e-02
4.18672880e+00	6.03177305e-03	1.97922327e-02
4.23141979e+00	8.43676828e-03	1.97747783e-02
4.27658783e+00	8.84562665e-03	1.97768646e-02
4.32223801e+00	6.70744824e-03	1.97850846e-02
4.36837548e+00	5.00983772e-03	1.97955782e-02
4.41500544e+00	5.99696092e-03	1.97896029e-02
4.46213315e+00	7.98352763e-03	1.97774881e-02
4.50976393e+00	7.90932861e-03	1.97762666e-02
4.55790313e+00	5.90675833e-03	1.97886705e-02
4.60655619e+00	5.01422244e-03	1.97945014e-02
4.65572860e+00	6.43392289e-03	1.97850724e-02
4.70542590e+00	7.70555494e-03	1.97756627e-02
4.75565369e+00	6.72075739e-03	1.97816461e-02
4.80641763e+00	5.12340138e-03	1.97927141e-02
4.85772344e+00	5.49366864e-03	1.97901636e-02
4.90957692e+00	6.99825561e-03	1.97786601e-02
4.96198391e+00	6.91317944e-03	1.97784497e-02
5.01495031e+00	5.40430078e-03	1.97896430e-02
5.06848209e+00	5.14490330e-03	1.97917855e-02
5.12258530e+00	6.44060822e-03	1.97811694e-02
5.17726603e+00	6.74739242e-03	1.97779012e-02
5.23253045e+00	5.48478149e-03	1.97879970e-02
5.28838478e+00	5.06610200e-03	1.97916528e-02
5.34483533e+00	6.16786948e-03	1.97818578e-02
5.40188845e+00	6.46942610e-03	1.97784843e-02
5.45955059e+00	5.35798501e-03	1.97882002e-02
5.51782823e+00	5.10313265e-03	1.97906482e-02
5.57672796e+00	6.10493020e-03	1.97809003e-02
5.63625641e+00	6.12935819e-03	1.97800238e-02
5.69642029e+00	5.13033468e-03	1.97896644e-02
5.75722638e+00	5.26596158e-03	1.97883570e-02
5.81868155e+00	6.10379451e-03	1.97793338e-02
5.88079272e+00	5.68064902e-03	1.97832538e-02
5.94356689e+00	4.98292503e-03	1.97907190e-02
6.00701114e+00	5.57209105e-03	1.97841835e-02
6.07113262e+00	5.93701837e-03	1.97795769e-02
6.13593856e+00	5.18320021e-03	1.97879249e-02
6.20143627e+00	5.14522052e-03	1.97884224e-02
6.26763313e+00	5.81548279e-03	1.97800893e-02
6.33453660e+00	5.44480779e-03	1.97841796e-02
6.40215424e+00	4.99100552e-03	1.97898360e-02
6.47049365e+00	5.56650461e-03	1.97823585e-02
6.53956254e+00	5.57211861e-03	1.97818350e-02
6.60936871e+00	4.99489699e-03	1.97894088e-02
6.67992002e+00	5.36431260e-03	1.97843485e-02
6.75122443e+00	5.57875593e-03	1.97809656e-02
6.82328997e+00	5.03015979e-03	1.97885753e-02
6.89612477e+00	5.25049313e-03	1.97853792e-02
6.96973704e+00	5.52888487e-03	1.97808985e-02
7.04413508e+00	5.04014487e-03	1.97880971e-02
7.11932728e+00	5.20950425e-03	1.97854845e-02
7.19532211e+00	5.46015048e-03	1.97811914e-02
7.27212815e+00	5.01944350e-03	1.97881313e-02
7.34975404e+00	5.22085019e-03	1.97847986e-02
7.42820855e+00	5.37587705e-03	1.97818654e-02
7.50750052e+00	4.98926586e-03	1.97883995e-02
7.58763889e+00	5.26610673e-03	1.97834784e-02
7.66863268e+00	5.26189322e-03	1.97832505e-02
7.75049104e+00	4.98866647e-03	1.97882105e-02
7.83322319e+00	5.31079322e-03	1.97820466e-02
7.91683847e+00	5.11775591e-03	1.97854842e-02
8.00134628e+00	5.05780498e-03	1.97866573e-02
8.08675618e+00	5.29061817e-03	1.97817927e-02
8.17307777e+00	4.99876292e-03	1.97875987e-02
8.26032080e+00	5.18207490e-03	1.97837437e-02
8.34849510e+00	5.15739352e-03	1.97840106e-02
8.43761061e+00	5.00929580e-03	1.97872145e-02
8.52767738e+00	5.23542796e-03	1.97820157e-02
8.61870556e+00	5.00097581e-03	1.97871944e-02
8.71070542e+00	5.14836957e-03	1.97837384e-02
8.80368732e+00	5.10432810e-03	1.97845655e-02
8.89766175e+00	5.02826240e-03	1.97863901e-02
8.99263931e+00	5.17523843e-03	1.97825892e-02
9.08863070e+00	4.98234767e-03	1.97873670e-02
9.18564674e+00	5.16290074e-03	1.97826228e-02
9.28369838e+00	5.00916884e-03	1.97865192e-02
9.38279666e+00	5.10301721e-03	1.97839722e-02
9.48295276e+00	5.05892355e-03	1.97849948e-02
9.58417797e+00	5.04314078e-03	1.97854240e-02
9.68648371e+00	5.09536365e-03	1.97837610e-02
9.78988150e+00	5.00504385e-03	1.97863788e-02
9.89438300e+00	5.10967754e-03	1.97831123e-02
1.00000000e+01	4.98793062e-03	1.97867322e-02
