# IFT-Fit I(q) im Fitbereich
# record_id: 4e638f03-a077-45cb-a135-e22e59d780c7
# erzeugt von: ScatterForge Plot 7.11.0 / analysis.gift 0.4.0
# Quelle: Sphere_140+Hardsphere.txt
# Dmax = 62.17 nm, N = 200, K = dirichlet, lambda_rel = 7.499e-13 (Wendepunkt)
# q-Bereich: 0.0505337 - 10 nm^-1 (full)
# Rg = 10.8444 +- 0.137 nm, I(0) = 5747.08 +- 22.2, MD = 0.002797
# GIFT: S(q) = hs_py_avg; phi = 0.200001 +- 0.00581, r_hs = 14 +- 0.0757, mu = 0.000477663 +- 1.1; MD ohne S(q) = 5.118
# Flags: dmax_qmin=warning, shannon=ok, q_range=ok, sigma_estimated=info, lambda=warning, fit_quality=info, pr_end=ok, pr_tail=info, pr_negative=ok, gift_bound=warning, gift_improvement=ok, gift_lambda=warning, gift_multistart=info, gift_apparent=info
# q / nm^-1	I_fit	sigma_I_fit
5.05337220e-02	1.25278214e+03	2.53684239e+00
5.10731412e-02	1.25390705e+03	2.50361336e+00
5.16183184e-02	1.25505659e+03	2.47020753e+00
5.21693150e-02	1.25623129e+03	2.43664668e+00
5.27261933e-02	1.25743170e+03	2.40295437e+00
5.32890158e-02	1.25865839e+03	2.36915605e+00
5.38578463e-02	1.25991194e+03	2.33527915e+00
5.44327486e-02	1.26119293e+03	2.30135324e+00
5.50137877e-02	1.26250197e+03	2.26741011e+00
5.56010291e-02	1.26383966e+03	2.23348392e+00
5.61945390e-02	1.26520663e+03	2.19961128e+00
5.67943842e-02	1.26660351e+03	2.16583143e+00
5.74006325e-02	1.26803097e+03	2.13218632e+00
5.80133521e-02	1.26948966e+03	2.09872074e+00
5.86326121e-02	1.27098026e+03	2.06548244e+00
5.92584824e-02	1.27250345e+03	2.03252224e+00
5.98910335e-02	1.27405995e+03	1.99989408e+00
6.05303368e-02	1.27565047e+03	1.96765515e+00
6.11764642e-02	1.27727574e+03	1.93586589e+00
6.18294888e-02	1.27893651e+03	1.90459003e+00
6.24894839e-02	1.28063353e+03	1.87389457e+00
6.31565242e-02	1.28236758e+03	1.84384970e+00
6.38306847e-02	1.28413944e+03	1.81452871e+00
6.45120415e-02	1.28594991e+03	1.78600778e+00
6.52006715e-02	1.28779981e+03	1.75836571e+00
6.58966521e-02	1.28968995e+03	1.73168361e+00
6.66000620e-02	1.29162119e+03	1.70604443e+00
6.73109804e-02	1.29359438e+03	1.68153242e+00
6.80294874e-02	1.29561038e+03	1.65823248e+00
6.87556641e-02	1.29767007e+03	1.63622936e+00
6.94895923e-02	1.29977434e+03	1.61560680e+00
7.02313548e-02	1.30192410e+03	1.59644651e+00
7.09810352e-02	1.30412025e+03	1.57882706e+00
7.17387180e-02	1.30636374e+03	1.56282272e+00
7.25044886e-02	1.30865549e+03	1.54850218e+00
7.32784334e-02	1.31099645e+03	1.53592730e+00
7.40606397e-02	1.31338757e+03	1.52515184e+00
7.48511956e-02	1.31582981e+03	1.51622024e+00
7.56501902e-02	1.31832415e+03	1.50916653e+00
7.64577136e-02	1.32087156e+03	1.50401338e+00
7.72738569e-02	1.32347301e+03	1.50077125e+00
7.80987120e-02	1.32612948e+03	1.49943793e+00
7.89323720e-02	1.32884195e+03	1.49999814e+00
7.97749309e-02	1.33161141e+03	1.50242353e+00
8.06264836e-02	1.33443882e+03	1.50667287e+00
8.14871262e-02	1.33732516e+03	1.51269249e+00
8.23569557e-02	1.34027139e+03	1.52041702e+00
8.32360701e-02	1.34327845e+03	1.52977018e+00
8.41245685e-02	1.34634727e+03	1.54066591e+00
8.50225512e-02	1.34947878e+03	1.55300943e+00
8.59301193e-02	1.35267385e+03	1.56669849e+00
8.68473752e-02	1.35593336e+03	1.58162458e+00
8.77744223e-02	1.35925813e+03	1.59767422e+00
8.87113651e-02	1.36264895e+03	1.61473005e+00
8.96583093e-02	1.36610658e+03	1.63267206e+00
9.06153615e-02	1.36963171e+03	1.65137858e+00
9.15826298e-02	1.37322497e+03	1.67072723e+00
9.25602231e-02	1.37688695e+03	1.69059587e+00
9.35482516e-02	1.38061813e+03	1.71086330e+00
9.45468268e-02	1.38441892e+03	1.73141000e+00
9.55560613e-02	1.38828964e+03	1.75211874e+00
9.65760687e-02	1.39223050e+03	1.77287517e+00
9.76069642e-02	1.39624158e+03	1.79356827e+00
9.86488639e-02	1.40032283e+03	1.81409084e+00
9.97018853e-02	1.40447404e+03	1.83433994e+00
1.00766147e-01	1.40869485e+03	1.85421723e+00
1.01841769e-01	1.41298471e+03	1.87362945e+00
1.02928873e-01	1.41734283e+03	1.89248871e+00
1.04027581e-01	1.42176823e+03	1.91071295e+00
1.05138017e-01	1.42625966e+03	1.92822633e+00
1.06260307e-01	1.43081557e+03	1.94495959e+00
1.07394576e-01	1.43543413e+03	1.96085056e+00
1.08540953e-01	1.44011315e+03	1.97584457e+00
1.09699567e-01	1.44485004e+03	1.98989496e+00
1.10870548e-01	1.44964182e+03	2.00296354e+00
1.12054030e-01	1.45448504e+03	2.01502116e+00
1.13250144e-01	1.45937575e+03	2.02604824e+00
1.14459025e-01	1.46430942e+03	2.03603531e+00
1.15680811e-01	1.46928094e+03	2.04498357e+00
1.16915639e-01	1.47428451e+03	2.05290543e+00
1.18163648e-01	1.47931361e+03	2.05982502e+00
1.19424979e-01	1.48436089e+03	2.06577869e+00
1.20699774e-01	1.48941816e+03	2.07081537e+00
1.21988176e-01	1.49447624e+03	2.07499690e+00
1.23290332e-01	1.49952491e+03	2.07839823e+00
1.24606387e-01	1.50455282e+03	2.08110738e+00
1.25936491e-01	1.50954736e+03	2.08322528e+00
1.27280792e-01	1.51449457e+03	2.08486533e+00
1.28639443e-01	1.51937903e+03	2.08615261e+00
1.30012597e-01	1.52418372e+03	2.08722277e+00
1.31400409e-01	1.52888991e+03	2.08822055e+00
1.32803035e-01	1.53347698e+03	2.08929779e+00
1.34220633e-01	1.53792231e+03	2.09061097e+00
1.35653363e-01	1.54220114e+03	2.09231830e+00
1.37101387e-01	1.54628635e+03	2.09457620e+00
1.38564867e-01	1.55014837e+03	2.09753539e+00
1.40043970e-01	1.55375494e+03	2.10133650e+00
1.41538860e-01	1.55707101e+03	2.10610532e+00
1.43049709e-01	1.56005851e+03	2.11194784e+00
1.44576684e-01	1.56267622e+03	2.11894519e+00
1.46119959e-01	1.56487963e+03	2.12714869e+00
1.47679708e-01	1.56662072e+03	2.13657516e+00
1.49256106e-01	1.56784791e+03	2.14720276e+00
1.50849332e-01	1.56850593e+03	2.15896746e+00
1.52459564e-01	1.56853571e+03	2.17176043e+00
1.54086984e-01	1.56787439e+03	2.18542639e+00
1.55731777e-01	1.56645532e+03	2.19976315e+00
1.57394126e-01	1.56420812e+03	2.21452227e+00
1.59074220e-01	1.56105884e+03	2.22941096e+00
1.60772248e-01	1.55693018e+03	2.24409525e+00
1.62488402e-01	1.55174186e+03	2.25820422e+00
1.64222875e-01	1.54541099e+03	2.27133535e+00
1.65975862e-01	1.53785271e+03	2.28306097e+00
1.67747562e-01	1.52898089e+03	2.29293546e+00
1.69538173e-01	1.51870899e+03	2.30050335e+00
1.71347898e-01	1.50695108e+03	2.30530812e+00
1.73176941e-01	1.49362311e+03	2.30690145e+00
1.75025508e-01	1.47864423e+03	2.30485303e+00
1.76893807e-01	1.46193837e+03	2.29876053e+00
1.78782049e-01	1.44343595e+03	2.28825969e+00
1.80690448e-01	1.42307575e+03	2.27303424e+00
1.82619217e-01	1.40080685e+03	2.25282544e+00
1.84568575e-01	1.37659067e+03	2.22744084e+00
1.86538741e-01	1.35040298e+03	2.19676214e+00
1.88529938e-01	1.32223593e+03	2.16075151e+00
1.90542389e-01	1.29209990e+03	2.11945627e+00
1.92576322e-01	1.26002514e+03	2.07301137e+00
1.94631967e-01	1.22606312e+03	2.02163944e+00
1.96709554e-01	1.19028757e+03	1.96564818e+00
1.98809319e-01	1.15279494e+03	1.90542481e+00
2.00931497e-01	1.11370442e+03	1.84142759e+00
2.03076328e-01	1.07315736e+03	1.77417453e+00
2.05244054e-01	1.03131605e+03	1.70422954e+00
2.07434919e-01	9.88361883e+02	1.63218655e+00
2.09649171e-01	9.44492991e+02	1.55865207e+00
2.11887059e-01	8.99921251e+02	1.48422732e+00
2.14148834e-01	8.54868913e+02	1.40949051e+00
2.16434753e-01	8.09564858e+02	1.33498059e+00
2.18745073e-01	7.64240660e+02	1.26118328e+00
2.21080054e-01	7.19126577e+02	1.18852033e+00
2.23439960e-01	6.74447622e+02	1.11734274e+00
2.25825056e-01	6.30419858e+02	1.04792828e+00
2.28235612e-01	5.87247029e+02	9.80483441e-01
2.30671900e-01	5.45117641e+02	9.15149350e-01
2.33134193e-01	5.04202570e+02	8.52011090e-01
2.35622770e-01	4.64653238e+02	7.91109306e-01
2.38137911e-01	4.26600381e+02	7.32452991e-01
2.40679900e-01	3.90153400e+02	6.76032209e-01
2.43249023e-01	3.55400261e+02	6.21829675e-01
2.45845570e-01	3.22407892e+02	5.69830318e-01
2.48469834e-01	2.91223003e+02	5.20028242e-01
2.51122111e-01	2.61873265e+02	4.72430860e-01
2.53802699e-01	2.34368762e+02	4.27060250e-01
2.56511900e-01	2.08703627e+02	3.83952022e-01
2.59250021e-01	1.84857812e+02	3.43152191e-01
2.62017370e-01	1.62798902e+02	3.04712592e-01
2.64814259e-01	1.42483923e+02	2.68685446e-01
2.67641003e-01	1.23861108e+02	2.35117618e-01
2.70497921e-01	1.06871562e+02	2.04045068e-01
2.73385334e-01	9.14508142e+01	1.75487906e-01
2.76303570e-01	7.75302328e+01	1.49446369e-01
2.79252956e-01	6.50382936e+01	1.25897947e-01
2.82233825e-01	5.39016936e+01	1.04795837e-01
2.85246513e-01	4.40463135e+01	8.60687692e-02
2.88291359e-01	3.53980341e+01	6.96222444e-02
2.91368708e-01	2.78834121e+01	5.53410996e-02
2.94478906e-01	2.14302279e+01	4.30932491e-02
2.97622304e-01	1.59679137e+01	3.27343238e-02
3.00799255e-01	1.14278760e+01	2.41127635e-02
3.04010119e-01	7.74372246e+00	1.70746406e-02
3.07255256e-01	4.85140634e+00	1.14670144e-02
3.10535034e-01	2.68929738e+00	7.13759352e-03
3.13849822e-01	1.19819132e+00	3.92621522e-03
3.17199993e-01	3.21266417e-01	1.63959776e-03
3.20585925e-01	3.99609341e-03	3.99976785e-05
3.24008001e-01	1.94025562e-01	1.39111924e-03
3.27466605e-01	8.41019894e-01	2.98156111e-03
3.30962127e-01	1.89649036e+00	5.09475360e-03
3.34494963e-01	3.31360554e+00	7.87184392e-03
3.38065509e-01	5.04699368e+00	1.13365459e-02
3.41674169e-01	7.05254249e+00	1.54548911e-02
3.45321350e-01	9.28720309e+00	2.01625599e-02
3.49007462e-01	1.17088050e+01	2.53753869e-02
3.52732921e-01	1.42758895e+01	3.09943808e-02
3.56498147e-01	1.69475698e+01	3.69097517e-02
3.60303565e-01	1.96834260e+01	4.30053608e-02
3.64149604e-01	2.24434454e+01	4.91638153e-02
3.68036697e-01	2.51880163e+01	5.52719295e-02
3.71965283e-01	2.78779868e+01	6.12260199e-02
3.75935804e-01	3.04747972e+01	6.69363759e-02
3.79948708e-01	3.29406944e+01	7.23302057e-02
3.84004448e-01	3.52390349e+01	7.73524369e-02
3.88103481e-01	3.73346801e+01	8.19639739e-02
3.92246268e-01	3.91944812e+01	8.61373979e-02
3.96433277e-01	4.07878484e+01	8.98506190e-02
4.00664981e-01	4.20873900e+01	9.30795572e-02
4.04941855e-01	4.30695995e+01	9.57913739e-02
4.09264383e-01	4.37155622e+01	9.79399234e-02
4.13633051e-01	4.40116432e+01	9.94648152e-02
4.18048352e-01	4.39501148e+01	1.00294786e-01
4.22510784e-01	4.35296749e+01	1.00355149e-01
4.27020850e-01	4.27558124e+01	9.95781826e-02
4.31579059e-01	4.16409737e+01	9.79146548e-02
4.36185923e-01	4.02044999e+01	9.53444574e-02
4.40841964e-01	3.84723119e+01	9.18844514e-02
4.45547705e-01	3.64763408e+01	8.75921317e-02
4.50303677e-01	3.42537178e+01	8.25643985e-02
4.55110417e-01	3.18457573e+01	7.69315050e-02
4.59968466e-01	2.92967814e+01	7.08470082e-02
4.64878372e-01	2.66528470e+01	6.44751996e-02
4.69840688e-01	2.39604425e+01	5.79779338e-02
4.74855974e-01	2.12652213e+01	5.15029273e-02
4.79924796e-01	1.86108312e+01	4.51753735e-02
4.85047724e-01	1.60378920e+01	3.90940779e-02
4.90225337e-01	1.35831534e+01	3.33323287e-02
4.95458218e-01	1.12788545e+01	2.79425905e-02
5.00746957e-01	9.15228777e+00	2.29631867e-02
5.06092151e-01	7.22555779e+00	1.84247625e-02
5.11494401e-01	5.51551347e+00	1.43546494e-02
5.16954317e-01	4.03382662e+00	1.07781423e-02
5.22472515e-01	2.78718461e+00	7.71677022e-03
5.28049617e-01	1.77756529e+00	5.18444713e-03
5.33686251e-01	1.00256408e+00	3.18249213e-03
5.39383053e-01	4.55747297e-01	1.69334157e-03
5.45140665e-01	1.27011505e-01	6.68975106e-04
5.50959736e-01	2.93457539e-03	2.93790069e-05
5.56840923e-01	6.71109947e-02	5.20578409e-04
5.62784888e-01	3.00470237e-01	1.16001985e-03
5.68792302e-01	6.81583200e-01	2.08917569e-03
5.74863841e-01	1.18696717e+00	3.35086653e-03
5.81000191e-01	1.79140437e+00	4.92601032e-03
5.87202042e-01	2.46829233e+00	6.76694274e-03
5.93470095e-01	3.19004605e+00	8.80472163e-03
5.99805056e-01	3.92857088e+00	1.09512209e-02
6.06207640e-01	4.65582172e+00	1.31037030e-02
6.12678567e-01	5.34445666e+00	1.51534221e-02
6.19218567e-01	5.96858276e+00	1.69971380e-02
6.25828379e-01	6.50457743e+00	1.85489858e-02
6.32508746e-01	6.93195230e+00	1.97495621e-02
6.39260423e-01	7.23420966e+00	2.05694355e-02
6.46084170e-01	7.39962678e+00	2.10057147e-02
6.52980757e-01	7.42189422e+00	2.10727034e-02
6.59950961e-01	7.30053406e+00	2.07903099e-02
6.66995568e-01	7.04103399e+00	2.01753711e-02
6.74115372e-01	6.65465494e+00	1.92400276e-02
6.81311176e-01	6.15790053e+00	1.79977361e-02
6.88583792e-01	5.57167171e+00	1.64733607e-02
6.95934038e-01	4.92016448e+00	1.47116344e-02
7.03362744e-01	4.22959524e+00	1.27793175e-02
7.10870748e-01	3.52685350e+00	1.07597110e-02
7.18458895e-01	2.83818292e+00	8.74188613e-03
7.26128041e-01	2.18797909e+00	6.80932094e-03
7.33879052e-01	1.59777093e+00	5.03260709e-03
7.41712800e-01	1.08542527e+00	3.46842403e-03
7.49630169e-01	6.64588001e-01	2.16326692e-03
7.57632051e-01	3.44352693e-01	1.15783162e-03
7.65719349e-01	1.29133233e-01	4.88804520e-04
7.73892974e-01	1.87099622e-02	1.74102691e-04
7.82153848e-01	8.41999842e-03	8.27809737e-05
7.90502903e-01	8.94691704e-02	3.76572647e-04
7.98941079e-01	2.49353327e-01	9.48189580e-04
8.07469327e-01	4.72387862e-01	1.69759800e-03
8.16088610e-01	7.40353190e-01	2.55350810e-03
8.24799899e-01	1.03326770e+00	3.45829478e-03
8.33604176e-01	1.33029592e+00	4.37199005e-03
8.42502434e-01	1.61078646e+00	5.26234853e-03
8.51495676e-01	1.85541163e+00	6.08732259e-03
8.60584916e-01	2.04735093e+00	6.78473048e-03
8.69771178e-01	2.17342912e+00	7.27978689e-03
8.79055498e-01	2.22509412e+00	7.50770517e-03
8.88438923e-01	2.19911049e+00	7.43808441e-03
8.97922511e-01	2.09785691e+00	7.08697648e-03
9.07507331e-01	1.92915488e+00	6.50948557e-03
9.17194464e-01	1.70561479e+00	5.77647734e-03
9.26985001e-01	1.44355335e+00	4.94920033e-03
9.36880047e-01	1.16159739e+00	4.06844989e-03
9.46880717e-01	8.79128468e-01	3.16434224e-03
9.56988139e-01	6.14732636e-01	2.27535448e-03
9.67203451e-01	3.84801320e-01	1.45862856e-03
9.77527807e-01	2.02390389e-01	7.83685056e-04
9.87962369e-01	7.63986796e-02	3.16675996e-04
9.98508314e-01	1.10862772e-02	1.04590553e-04
1.00916683e+00	5.92502396e-03	5.81311265e-05
1.01993912e+00	5.57614731e-02	2.55711579e-04
1.03082640e+00	1.51272633e-01	6.37668747e-04
1.04182990e+00	2.79700294e-01	1.12096968e-03
1.05295085e+00	4.25851375e-01	1.64549552e-03
1.06419051e+00	5.73340876e-01	2.16061210e-03
1.07555014e+00	7.06025472e-01	2.62574949e-03
1.08703104e+00	8.09530475e-01	3.00461915e-03
1.09863449e+00	8.72720688e-01	3.25885430e-03
1.11036180e+00	8.88924432e-01	3.35082206e-03
1.12221429e+00	8.56711265e-01	3.25799408e-03
1.13419330e+00	7.80063526e-01	2.98817781e-03
1.14630017e+00	6.67870487e-01	2.58065744e-03
1.15853629e+00	5.32792589e-01	2.08960494e-03
1.17090301e+00	3.89658298e-01	1.56449020e-03
1.18340175e+00	2.53633469e-01	1.04744503e-03
1.19603390e+00	1.38423101e-01	5.87170579e-04
1.20880089e+00	5.47309568e-02	2.46743575e-04
1.22170416e+00	9.13511642e-03	8.49411145e-05
1.23474517e+00	3.46482443e-03	3.42405192e-05
1.24792538e+00	3.47069807e-02	1.86600362e-04
1.26124629e+00	9.54354962e-02	4.51806814e-04
1.27470939e+00	1.74734961e-01	7.59305387e-04
1.28831620e+00	2.59564037e-01	1.07874010e-03
1.30206825e+00	3.36457126e-01	1.38583135e-03
1.31596710e+00	3.93390585e-01	1.63493083e-03
1.33001431e+00	4.21558144e-01	1.76759111e-03
1.34421147e+00	4.16745418e-01	1.74906223e-03
1.35856017e+00	3.80008070e-01	1.59049700e-03
1.37306204e+00	3.17466300e-01	1.33672036e-03
1.38771871e+00	2.39212830e-01	1.03525165e-03
1.40253183e+00	1.57534381e-01	7.18627084e-04
1.41750307e+00	8.47955033e-02	4.14695135e-04
1.43263413e+00	3.13815943e-02	1.65581198e-04
1.44792669e+00	4.04678472e-03	3.94728070e-05
1.46338250e+00	4.90355678e-03	4.72248343e-05
1.47900329e+00	3.11745897e-02	1.60101164e-04
1.49479082e+00	7.57314133e-02	3.74670037e-04
1.51074688e+00	1.28364004e-01	6.06071799e-04
1.52687325e+00	1.77635061e-01	8.04454093e-04
1.54317177e+00	2.13054517e-01	9.50675650e-04
1.55964427e+00	2.27181510e-01	1.02624080e-03
1.57629259e+00	2.17183575e-01	1.00261926e-03
1.59311864e+00	1.85432205e-01	8.68655837e-04
1.61012428e+00	1.38924013e-01	6.52464875e-04
1.62731146e+00	8.76345474e-02	4.14306450e-04
1.64468210e+00	4.22121156e-02	2.19331999e-04
1.66223816e+00	1.15800473e-02	9.31537146e-05
1.67998162e+00	9.95958272e-04	9.96838773e-06
1.69791448e+00	1.09660562e-02	8.87528205e-05
1.71603877e+00	3.72168184e-02	1.95119469e-04
1.73435652e+00	7.17374304e-02	3.52924711e-04
1.75286981e+00	1.04720081e-01	5.23232343e-04
1.77158071e+00	1.27019069e-01	6.28518045e-04
1.79049134e+00	1.32547040e-01	6.43016415e-04
1.80960384e+00	1.19926762e-01	5.90865875e-04
1.82892034e+00	9.28423453e-02	4.78865262e-04
1.84844305e+00	5.89145669e-02	3.11248714e-04
1.86817414e+00	2.74246336e-02	1.47571394e-04
1.88811585e+00	6.59552473e-03	5.92629540e-05
1.90827043e+00	1.24613827e-03	1.24281244e-05
1.92864015e+00	1.14708313e-02	8.60461113e-05
1.94922730e+00	3.26916317e-02	1.83966392e-04
1.97003421e+00	5.70890895e-02	2.95923857e-04
1.99106323e+00	7.60664462e-02	4.00002786e-04
2.01231671e+00	8.30544188e-02	4.43894754e-04
2.03379707e+00	7.57292301e-02	4.01176622e-04
2.05550671e+00	5.67898047e-02	3.00596729e-04
2.07744809e+00	3.29247702e-02	1.91387765e-04
2.09962369e+00	1.23263415e-02	8.80632446e-05
2.12203600e+00	1.69735984e-03	1.68095115e-05
2.14468754e+00	3.85813179e-03	3.65433934e-05
2.16758088e+00	1.67921087e-02	1.01373371e-04
2.19071859e+00	3.44669390e-02	2.04107226e-04
2.21410329e+00	4.91903934e-02	2.76015166e-04
2.23773760e+00	5.46910455e-02	3.00881429e-04
2.26162420e+00	4.87068970e-02	2.77004200e-04
2.28576577e+00	3.39108168e-02	2.03512836e-04
2.31016504e+00	1.66723700e-02	1.02103922e-04
2.33482476e+00	4.18531147e-03	3.90532099e-05
2.35974770e+00	1.27389418e-03	1.26660582e-05
2.38493669e+00	8.29984712e-03	6.60822187e-05
2.41039455e+00	2.10761559e-02	1.27991816e-04
2.43612417e+00	3.28599638e-02	1.94885628e-04
2.46212843e+00	3.76017352e-02	2.27893658e-04
2.48841027e+00	3.29376911e-02	1.95737995e-04
2.51497266e+00	2.13540465e-02	1.33296464e-04
2.54181858e+00	8.81521828e-03	6.82575796e-05
2.56895107e+00	1.55810174e-03	1.54111639e-05
2.59637319e+00	2.78672437e-03	2.68432451e-05
2.62408802e+00	1.10211055e-02	7.72619164e-05
2.65209869e+00	2.09777826e-02	1.35672040e-04
2.68040836e+00	2.65762333e-02	1.64958817e-04
2.70902021e+00	2.44698521e-02	1.59196658e-04
2.73793749e+00	1.60106789e-02	1.03163771e-04
2.76716344e+00	6.34894596e-03	5.42226123e-05
2.79670136e+00	1.17690397e-03	1.17013919e-05
2.82655458e+00	3.17386554e-03	3.00917699e-05
2.85672647e+00	1.03795894e-02	7.32951606e-05
2.88722042e+00	1.75291668e-02	1.18238170e-04
2.91803988e+00	1.95765922e-02	1.29834974e-04
2.94918833e+00	1.51325574e-02	1.02036917e-04
2.98066926e+00	7.38130717e-03	5.96845375e-05
3.01248623e+00	1.72734731e-03	1.70146870e-05
3.04464284e+00	1.86023589e-03	1.82744668e-05
3.07714270e+00	7.10871172e-03	5.77609060e-05
3.10998947e+00	1.30170065e-02	8.96328379e-05
3.14318687e+00	1.47852943e-02	1.05809764e-04
3.17673863e+00	1.10270306e-02	7.84455985e-05
3.21064853e+00	4.82400005e-03	4.36825208e-05
3.24492041e+00	1.12387697e-03	1.11840818e-05
3.27955812e+00	2.61852548e-03	2.52596053e-05
3.31456556e+00	7.54419960e-03	5.95107400e-05
3.34994670e+00	1.12661519e-02	8.28330091e-05
3.38570550e+00	1.03776832e-02	7.62151011e-05
3.42184601e+00	5.73897091e-03	4.98987973e-05
3.45837230e+00	1.60490272e-03	1.58695008e-05
3.49528849e+00	1.59290012e-03	1.57647701e-05
3.53259874e+00	5.29215892e-03	4.75059679e-05
3.57030725e+00	8.74001892e-03	6.67950604e-05
3.60841828e+00	8.37371183e-03	6.61876299e-05
3.64693613e+00	4.60863298e-03	4.30078850e-05
3.68586513e+00	1.32932039e-03	1.32308962e-05
3.72520968e+00	1.75721684e-03	1.73946698e-05
3.76497420e+00	5.06158900e-03	4.57980630e-05
3.80516319e+00	7.34091303e-03	5.83661184e-05
3.84578118e+00	5.98100837e-03	5.25494207e-05
3.88683274e+00	2.57761352e-03	2.52986641e-05
3.92832251e+00	1.00588048e-03	1.00506982e-05
3.97025515e+00	2.84675069e-03	2.80436861e-05
4.01263540e+00	5.57138977e-03	5.32811601e-05
4.05546804e+00	5.68594919e-03	5.51085606e-05
4.09875789e+00	3.07032724e-03	3.05430878e-05
4.14250983e+00	1.05062517e-03	1.05170652e-05
4.18672880e+00	2.04943529e-03	2.04915884e-05
4.23141979e+00	4.45948889e-03	4.45097600e-05
4.27658783e+00	4.87003398e-03	4.86476166e-05
4.32223801e+00	2.72683963e-03	2.72768188e-05
4.36837548e+00	1.02679473e-03	1.02811893e-05
4.41500544e+00	2.01513740e-03	2.01641683e-05
4.46213315e+00	4.00633225e-03	4.00744728e-05
4.50976393e+00	3.93233649e-03	3.93352281e-05
4.55790313e+00	1.92529037e-03	1.92649716e-05
4.60655619e+00	1.03143372e-03	1.03257129e-05
4.65572860e+00	2.45352171e-03	2.45461089e-05
4.70542590e+00	3.72879448e-03	3.72981079e-05
4.75565369e+00	2.74151369e-03	2.74248560e-05
4.80641763e+00	1.14102368e-03	1.14195736e-05
4.85772344e+00	1.51185327e-03	1.51276146e-05
4.90957692e+00	3.02011195e-03	3.02098518e-05
4.96198391e+00	2.93508141e-03	2.93589159e-05
5.01495031e+00	1.42265099e-03	1.42338932e-05
5.06848209e+00	1.16275859e-03	1.16344847e-05
5.12258530e+00	2.46147084e-03	2.46212544e-05
5.17726603e+00	2.76942811e-03	2.77003852e-05
5.23253045e+00	1.50356787e-03	1.50412432e-05
5.28838478e+00	1.08401879e-03	1.08451706e-05
5.34483533e+00	2.18846425e-03	2.18890012e-05
5.40188845e+00	2.49117084e-03	2.49156210e-05
5.45955059e+00	1.37673670e-03	1.37706459e-05
5.51782823e+00	1.12129617e-03	1.12156226e-05
5.57672796e+00	2.12581116e-03	2.12601202e-05
5.63625641e+00	2.15051557e-03	2.15066368e-05
5.69642029e+00	1.14874481e-03	1.14884142e-05
5.75722638e+00	1.28468656e-03	1.28473410e-05
5.81868155e+00	2.12515910e-03	2.12514674e-05
5.88079272e+00	1.70076727e-03	1.70070056e-05
5.94356689e+00	1.00110510e-03	1.00097597e-05
6.00701114e+00	1.59193832e-03	1.59176742e-05
6.07113262e+00	1.95826296e-03	1.95803420e-05
6.13593856e+00	1.20205320e-03	1.20176513e-05
6.20143627e+00	1.16394990e-03	1.16361755e-05
6.26763313e+00	1.83654365e-03	1.83616960e-05
6.33453660e+00	1.46465222e-03	1.46423714e-05
6.40215424e+00	1.00940559e-03	1.00894217e-05
6.47049365e+00	1.58686439e-03	1.58634472e-05
6.53956254e+00	1.59262804e-03	1.59204078e-05
6.60936871e+00	1.01340370e-03	1.01276154e-05
6.67992002e+00	1.38410701e-03	1.38344968e-05
6.75122443e+00	1.59951202e-03	1.59879578e-05
6.82328997e+00	1.04887078e-03	1.04809281e-05
6.89612477e+00	1.27001124e-03	1.26920940e-05
6.96973704e+00	1.54964973e-03	1.54882004e-05
7.04413508e+00	1.05897539e-03	1.05811235e-05
7.11932728e+00	1.22899607e-03	1.22810017e-05
7.19532211e+00	1.48081959e-03	1.47988466e-05
7.27212815e+00	1.03826891e-03	1.03728400e-05
7.34975404e+00	1.24052201e-03	1.23951925e-05
7.42820855e+00	1.39634730e-03	1.39532081e-05
7.50750052e+00	1.00802873e-03	1.00695918e-05
7.58763889e+00	1.28612946e-03	1.28505166e-05
7.66863268e+00	1.28197855e-03	1.28087832e-05
7.75049104e+00	1.00747686e-03	1.00634674e-05
7.83322319e+00	1.33120385e-03	1.33006133e-05
7.91683847e+00	1.13725017e-03	1.13609232e-05
8.00134628e+00	1.07700103e-03	1.07581397e-05
8.08675618e+00	1.31109575e-03	1.30989174e-05
8.17307777e+00	1.01772679e-03	1.01650304e-05
8.26032080e+00	1.20202421e-03	1.20078960e-05
8.34849510e+00	1.17727022e-03	1.17602690e-05
8.43761061e+00	1.02835654e-03	1.02708711e-05
8.52767738e+00	1.25583472e-03	1.25455075e-05
8.61870556e+00	1.02004120e-03	1.01873688e-05
8.71070542e+00	1.16831623e-03	1.16699880e-05
8.80368732e+00	1.12405960e-03	1.12272461e-05
8.89766175e+00	1.04752921e-03	1.04617685e-05
8.99263931e+00	1.19549000e-03	1.19412623e-05
9.08863070e+00	1.00137179e-03	9.99986224e-06
9.18564674e+00	1.18314007e-03	1.18175823e-05
9.28369838e+00	1.02840429e-03	1.02699018e-05
9.38279666e+00	1.12290379e-03	1.12150178e-05
9.48295276e+00	1.07854407e-03	1.07710469e-05
9.58417797e+00	1.06265300e-03	1.06121618e-05
9.68648371e+00	1.11530281e-03	1.11385424e-05
9.78988150e+00	1.02431724e-03	1.02284385e-05
9.89438300e+00	1.12978656e-03	1.12828807e-05
1.00000000e+01	1.00710504e-03	1.00559449e-05
