# p(r) aus IFT (Glatter 1977)
# record_id: 4e638f03-a077-45cb-a135-e22e59d780c7
# erzeugt von: ScatterForge Plot 7.11.0 / analysis.gift 0.4.0
# Quelle: Sphere_140+Hardsphere.txt
# Dmax = 62.17 nm, N = 200, K = dirichlet, lambda_rel = 7.499e-13 (Wendepunkt)
# q-Bereich: 0.0505337 - 10 nm^-1 (full)
# Rg = 10.8444 +- 0.137 nm, I(0) = 5747.08 +- 22.2, MD = 0.002797
# GIFT: S(q) = hs_py_avg; phi = 0.200001 +- 0.00581, r_hs = 14 +- 0.0757, mu = 0.000477663 +- 1.1; MD ohne S(q) = 5.118
# Flags: dmax_qmin=warning, shannon=ok, q_range=ok, sigma_estimated=info, lambda=warning, fit_quality=info, pr_end=ok, pr_tail=info, pr_negative=ok, gift_bound=warning, gift_improvement=ok, gift_lambda=warning, gift_multistart=info, gift_apparent=info
# r / nm	p(r)	sigma_p(r)
0.00000000e+00	0.00000000e+00	0.00000000e+00
3.10850000e-01	4.40959084e-02	2.28650625e-03
6.21700000e-01	1.90281825e-01	2.09143081e-03
9.32550000e-01	4.09796588e-01	1.89652097e-03
1.24340000e+00	7.24777181e-01	1.41942951e-03
1.55425000e+00	1.10423616e+00	9.37218911e-04
1.86510000e+00	1.56888748e+00	1.44113035e-03
2.17595000e+00	2.08888616e+00	2.71357870e-03
2.48680000e+00	2.68433565e+00	4.13638397e-03
2.79765000e+00	3.32576628e+00	5.59662004e-03
3.10850000e+00	4.03326577e+00	6.71526756e-03
3.41935000e+00	4.77731196e+00	7.50590895e-03
3.73020000e+00	5.57833589e+00	7.57476206e-03
4.04105000e+00	6.40653874e+00	7.22808988e-03
4.35190000e+00	7.28282008e+00	6.63320811e-03
4.66275000e+00	8.17718179e+00	6.97656369e-03
4.97360000e+00	9.11073609e+00	9.03044940e-03
5.28445000e+00	1.00538098e+01	1.19198850e-02
5.59530000e+00	1.10269989e+01	1.51483239e-02
5.90615000e+00	1.20019110e+01	1.71009688e-02
6.21700000e+00	1.29975976e+01	1.80206601e-02
6.52785000e+00	1.39879674e+01	1.68711672e-02
6.83870000e+00	1.49897674e+01	1.52417835e-02
7.14955000e+00	1.59795606e+01	1.41482948e-02
7.46040000e+00	1.69721007e+01	1.54184372e-02
7.77125000e+00	1.79455604e+01	1.84043380e-02
8.08210000e+00	1.89145610e+01	1.99993370e-02
8.39295000e+00	1.98564087e+01	2.03394283e-02
8.70380000e+00	2.07884342e+01	1.90018806e-02
9.01465000e+00	2.16844023e+01	1.97019117e-02
9.32550000e+00	2.25663641e+01	2.42758951e-02
9.63635000e+00	2.34038035e+01	2.84166660e-02
9.94720000e+00	2.42226334e+01	3.11402935e-02
1.02580500e+01	2.49906748e+01	2.80940165e-02
1.05689000e+01	2.57336786e+01	2.44158230e-02
1.08797500e+01	2.64226058e+01	2.49677931e-02
1.11906000e+01	2.70785204e+01	3.07466691e-02
1.15014500e+01	2.76787446e+01	3.70422424e-02
1.18123000e+01	2.82386964e+01	3.54944363e-02
1.21231500e+01	2.87404178e+01	3.04793011e-02
1.24340000e+01	2.91976834e+01	2.65802454e-02
1.27448500e+01	2.95919998e+01	3.02675031e-02
1.30557000e+01	2.99404727e+01	3.53875364e-02
1.33665500e+01	3.02211792e+01	3.25150362e-02
1.36774000e+01	3.04541007e+01	2.83201941e-02
1.39882500e+01	3.06181661e+01	3.25370635e-02
1.42991000e+01	3.07290015e+01	3.99534131e-02
1.46099500e+01	3.07746455e+01	4.15653043e-02
1.49208000e+01	3.07598400e+01	3.27058165e-02
1.52316500e+01	3.06840021e+01	3.03584461e-02
1.55425000e+01	3.05446222e+01	4.20877350e-02
1.58533500e+01	3.03431893e+01	4.72779674e-02
1.61642000e+01	3.00828466e+01	4.05312592e-02
1.64750500e+01	2.97543919e+01	3.06625791e-02
1.67859000e+01	2.93751753e+01	3.67763719e-02
1.70967500e+01	2.89241722e+01	4.27093861e-02
1.74076000e+01	2.84258483e+01	3.50159251e-02
1.77184500e+01	2.78606770e+01	3.42232584e-02
1.80293000e+01	2.72453041e+01	5.09756508e-02
1.83401500e+01	2.65727813e+01	5.61115791e-02
1.86510000e+01	2.58491389e+01	4.17865983e-02
1.89618500e+01	2.50733316e+01	3.48495342e-02
1.92727000e+01	2.42543115e+01	5.18230223e-02
1.95835500e+01	2.33822711e+01	5.38368342e-02
1.98944000e+01	2.24787493e+01	3.79518970e-02
2.02052500e+01	2.15242999e+01	4.21291190e-02
2.05161000e+01	2.05458987e+01	5.64613670e-02
2.08269500e+01	1.95249169e+01	4.89545087e-02
2.11378000e+01	1.84861642e+01	3.74693482e-02
2.14486500e+01	1.74130705e+01	5.27650918e-02
2.17595000e+01	1.63319655e+01	5.54575819e-02
2.20703500e+01	1.52256423e+01	3.96373607e-02
2.23812000e+01	1.41175945e+01	5.28388178e-02
2.26920500e+01	1.30026857e+01	6.55923911e-02
2.30029000e+01	1.18867810e+01	4.71688751e-02
2.33137500e+01	1.07828268e+01	4.88869607e-02
2.36246000e+01	9.69026507e+00	7.01766298e-02
2.39354500e+01	8.61336929e+00	5.51525173e-02
2.42463000e+01	7.57410966e+00	4.82874455e-02
2.45571500e+01	6.55556957e+00	7.72997357e-02
2.48680000e+01	5.58692182e+00	6.65205299e-02
2.51788500e+01	4.66780131e+00	4.79446467e-02
2.54897000e+01	3.79646623e+00	8.34194662e-02
2.58005500e+01	3.00179646e+00	8.03216970e-02
2.61114000e+01	2.27606944e+00	4.95615909e-02
2.64222500e+01	1.62690038e+00	8.25135135e-02
2.67331000e+01	1.08612658e+00	8.65758257e-02
2.70439500e+01	6.29465233e-01	5.28746396e-02
2.73548000e+01	2.95481498e-01	8.41839227e-02
2.76656500e+01	8.46546492e-02	9.03814791e-02
2.79765000e+01	-2.55149921e-03	5.52544369e-02
2.82873500e+01	3.08807681e-03	8.87940156e-02
2.85982000e+01	-2.80902174e-04	9.42307570e-02
2.89090500e+01	-2.10769899e-03	5.74120678e-02
2.92199000e+01	4.14111046e-03	9.17673585e-02
2.95307500e+01	-4.87133688e-03	8.98764164e-02
2.98416000e+01	4.83562446e-03	6.04535759e-02
3.01524500e+01	-3.03262948e-03	9.81967247e-02
3.04633000e+01	9.62475751e-05	8.15098355e-02
3.07741500e+01	3.69788454e-03	7.19900106e-02
3.10850000e+01	-6.02709414e-03	1.09300256e-01
3.13958500e+01	5.93478338e-03	7.41345209e-02
3.17067000e+01	-2.86496229e-03	9.22360681e-02
3.20175500e+01	-9.15471874e-04	1.17710677e-01
3.23284000e+01	3.46612604e-03	6.90369198e-02
3.26392500e+01	-3.08871228e-03	1.12722133e-01
3.29501000e+01	1.01382937e-03	1.13440393e-01
3.32609500e+01	9.94091620e-04	7.22681832e-02
3.35718000e+01	-9.30525530e-04	1.27727007e-01
3.38826500e+01	-7.30431026e-04	9.42238478e-02
3.41935000e+01	2.58933178e-03	9.50167242e-02
3.45043500e+01	-2.66089772e-03	1.32802335e-01
3.48152000e+01	8.47437773e-04	7.62308045e-02
3.51260500e+01	1.87584985e-03	1.28696584e-01
3.54369000e+01	-3.68475417e-03	1.20792069e-01
3.57477500e+01	3.94209217e-03	9.34162288e-02
3.60586000e+01	-2.96656398e-03	1.50916414e-01
3.63694500e+01	1.96594082e-03	9.39409186e-02
3.66803000e+01	-1.53547383e-03	1.33572590e-01
3.69911500e+01	1.49773416e-03	1.36916641e-01
3.73020000e+01	-9.50029198e-04	8.48942164e-02
3.76128500e+01	-5.92339643e-04	1.62259385e-01
3.79237000e+01	2.63329194e-03	9.57456854e-02
3.82345500e+01	-3.83670559e-03	1.30494139e-01
3.85454000e+01	3.14283802e-03	1.49471646e-01
3.88562500e+01	-9.58806411e-04	1.01508428e-01
3.91671000e+01	-1.04606672e-03	1.67083173e-01
3.94779500e+01	1.30735125e-03	9.65355748e-02
3.97888000e+01	-2.93933925e-04	1.78780210e-01
4.00996500e+01	3.62161449e-05	1.55675026e-01
4.04105000e+01	-2.04309232e-03	1.00613167e-01
4.07213500e+01	4.63808663e-03	1.98905628e-01
4.10322000e+01	-4.31664056e-03	8.88633325e-02
4.13430500e+01	-6.56487549e-04	1.77050651e-01
4.16539000e+01	6.88750402e-03	1.47896304e-01
4.19647500e+01	-8.85093337e-03	1.56706126e-01
4.22756000e+01	4.46833978e-03	1.90545048e-01
4.25864500e+01	1.60854121e-03	8.65945081e-02
4.28973000e+01	-3.56709375e-03	2.34837181e-01
4.32081500e+01	1.35375460e-03	1.13454385e-01
4.35190000e+01	-1.51305350e-03	1.64785286e-01
4.38298500e+01	7.70369507e-03	1.77576460e-01
4.41407000e+01	-1.42404172e-02	1.39925035e-01
4.44515500e+01	1.10761977e-02	2.00971931e-01
4.47624000e+01	2.08503008e-03	8.13634519e-02
4.50732500e+01	-1.26473330e-02	2.16721190e-01
4.53841000e+01	8.20170965e-03	8.94851353e-02
4.56949500e+01	6.99051689e-03	1.92292934e-01
4.60058000e+01	-1.60447861e-02	1.64343246e-01
4.63166500e+01	9.59672402e-03	1.74002285e-01
4.66275000e+01	1.80176776e-03	1.95739653e-01
4.69383500e+01	-2.46448465e-03	9.20736517e-02
4.72492000e+01	-6.71973777e-03	2.32004871e-01
4.75600500e+01	8.51865494e-03	8.39816604e-02
4.78709000e+01	5.14742311e-03	2.62545319e-01
4.81817500e+01	-1.89539683e-02	1.36890600e-01
4.84926000e+01	1.22968584e-02	2.29720180e-01
4.88034500e+01	1.10800911e-02	1.54021857e-01
4.91143000e+01	-2.49323032e-02	1.92710806e-01
4.94251500e+01	1.29590385e-02	2.78675319e-01
4.97360000e+01	9.69485405e-03	1.10774475e-01
5.00468500e+01	-1.69482195e-02	2.59802075e-01
5.03577000e+01	5.39659381e-03	5.89449997e-02
5.06685500e+01	3.62131001e-03	2.68379290e-01
5.09794000e+01	3.98092891e-03	5.96938202e-02
5.12902500e+01	-1.60332655e-02	2.84991611e-01
5.16011000e+01	1.28465401e-02	1.68630307e-01
5.19119500e+01	3.87617317e-03	2.54131069e-01
5.22228000e+01	-1.42315867e-02	1.99839242e-01
5.25336500e+01	7.84052318e-03	2.03758701e-01
5.28445000e+01	3.56152224e-03	3.13054785e-01
5.31553500e+01	-5.10830150e-03	1.06751167e-01
5.34662000e+01	-1.68354411e-03	2.55656629e-01
5.37770500e+01	4.93633933e-03	1.07119191e-01
5.40879000e+01	-1.61131356e-03	3.92488932e-01
5.43987500e+01	-6.32496094e-04	4.26719164e-02
5.47096000e+01	-2.15691681e-03	3.68861022e-01
5.50204500e+01	3.63507739e-03	1.43682190e-01
5.53313000e+01	1.32929424e-03	3.83266797e-01
5.56421500e+01	-7.16739411e-03	2.58228976e-01
5.59530000e+01	4.70508459e-03	2.94702535e-01
5.62638500e+01	5.53314106e-03	3.68691622e-01
5.65747000e+01	-1.36247446e-02	2.17466070e-01
5.68855500e+01	1.20531514e-02	4.29295019e-01
5.71964000e+01	-2.99414568e-03	1.03085081e-01
5.75072500e+01	-6.50944810e-03	5.26348503e-01
5.78181000e+01	1.18275241e-02	1.03496674e-01
5.81289500e+01	-1.23274337e-02	5.04865431e-01
5.84398000e+01	9.01245014e-03	3.16171995e-01
5.87506500e+01	-3.72284702e-03	4.22940911e-01
5.90615000e+01	-9.40999686e-04	5.24224193e-01
5.93723500e+01	3.14234506e-03	1.83832315e-01
5.96832000e+01	-3.51324055e-03	6.63518096e-01
5.99940500e+01	4.02387256e-03	2.53579740e-01
6.03049000e+01	-5.40927317e-03	5.18831601e-01
6.06157500e+01	6.49729071e-03	6.76725920e-01
6.09266000e+01	-6.06128370e-03	1.56001926e-01
6.12374500e+01	4.32086721e-03	4.89465798e-01
6.15483000e+01	-2.46938386e-03	6.76246490e-01
6.18591500e+01	1.30285496e-03	5.26609168e-01
6.21700000e+01	0.00000000e+00	0.00000000e+00
