# Eingangsdaten nach q-Umrechnung (Faktor 10 → nm^-1)
# record_id: 4e638f03-a077-45cb-a135-e22e59d780c7
# erzeugt von: ScatterForge Plot 7.11.0 / analysis.gift 0.4.0
# Quelle: Sphere_140+Hardsphere.txt
# Dmax = 62.17 nm, N = 200, K = dirichlet, lambda_rel = 7.499e-13 (Wendepunkt)
# q-Bereich: 0.0505337 - 10 nm^-1 (full)
# Rg = 10.8444 +- 0.137 nm, I(0) = 5747.08 +- 22.2, MD = 0.002797
# GIFT: S(q) = hs_py_avg; phi = 0.200001 +- 0.00581, r_hs = 14 +- 0.0757, mu = 0.000477663 +- 1.1; MD ohne S(q) = 5.118
# Flags: dmax_qmin=warning, shannon=ok, q_range=ok, sigma_estimated=info, lambda=warning, fit_quality=info, pr_end=ok, pr_tail=info, pr_negative=ok, gift_bound=warning, gift_improvement=ok, gift_lambda=warning, gift_multistart=info, gift_apparent=info
# q / nm^-1	I	sigma (verwendet)
5.05337220e-02	1.25278202e+03	1.25278202e+01
5.10731412e-02	1.25390693e+03	1.25390693e+01
5.16183184e-02	1.25505647e+03	1.25505647e+01
5.21693150e-02	1.25623117e+03	1.25623117e+01
5.27261933e-02	1.25743158e+03	1.25743158e+01
5.32890158e-02	1.25865828e+03	1.25865828e+01
5.38578463e-02	1.25991183e+03	1.25991183e+01
5.44327486e-02	1.26119282e+03	1.26119282e+01
5.50137877e-02	1.26250186e+03	1.26250186e+01
5.56010291e-02	1.26383955e+03	1.26383955e+01
5.61945390e-02	1.26520652e+03	1.26520652e+01
5.67943842e-02	1.26660341e+03	1.26660341e+01
5.74006325e-02	1.26803086e+03	1.26803086e+01
5.80133521e-02	1.26948955e+03	1.26948955e+01
5.86326121e-02	1.27098015e+03	1.27098015e+01
5.92584824e-02	1.27250335e+03	1.27250335e+01
5.98910335e-02	1.27405985e+03	1.27405985e+01
6.05303368e-02	1.27565038e+03	1.27565038e+01
6.11764642e-02	1.27727565e+03	1.27727565e+01
6.18294888e-02	1.27893642e+03	1.27893642e+01
6.24894839e-02	1.28063344e+03	1.28063344e+01
6.31565242e-02	1.28236750e+03	1.28236750e+01
6.38306847e-02	1.28413936e+03	1.28413936e+01
6.45120415e-02	1.28594983e+03	1.28594983e+01
6.52006715e-02	1.28779973e+03	1.28779973e+01
6.58966521e-02	1.28968988e+03	1.28968988e+01
6.66000620e-02	1.29162113e+03	1.29162113e+01
6.73109804e-02	1.29359432e+03	1.29359432e+01
6.80294874e-02	1.29561032e+03	1.29561032e+01
6.87556641e-02	1.29767001e+03	1.29767001e+01
6.94895923e-02	1.29977429e+03	1.29977429e+01
7.02313548e-02	1.30192405e+03	1.30192405e+01
7.09810352e-02	1.30412021e+03	1.30412021e+01
7.17387180e-02	1.30636371e+03	1.30636371e+01
7.25044886e-02	1.30865546e+03	1.30865546e+01
7.32784334e-02	1.31099642e+03	1.31099642e+01
7.40606397e-02	1.31338755e+03	1.31338755e+01
7.48511956e-02	1.31582980e+03	1.31582980e+01
7.56501902e-02	1.31832415e+03	1.31832415e+01
7.64577136e-02	1.32087156e+03	1.32087156e+01
7.72738569e-02	1.32347301e+03	1.32347301e+01
7.80987120e-02	1.32612949e+03	1.32612949e+01
7.89323720e-02	1.32884197e+03	1.32884197e+01
7.97749309e-02	1.33161144e+03	1.33161144e+01
8.06264836e-02	1.33443886e+03	1.33443886e+01
8.14871262e-02	1.33732520e+03	1.33732520e+01
8.23569557e-02	1.34027144e+03	1.34027144e+01
8.32360701e-02	1.34327850e+03	1.34327850e+01
8.41245685e-02	1.34634734e+03	1.34634734e+01
8.50225512e-02	1.34947885e+03	1.34947885e+01
8.59301193e-02	1.35267393e+03	1.35267393e+01
8.68473752e-02	1.35593345e+03	1.35593345e+01
8.77744223e-02	1.35925823e+03	1.35925823e+01
8.87113651e-02	1.36264906e+03	1.36264906e+01
8.96583093e-02	1.36610670e+03	1.36610670e+01
9.06153615e-02	1.36963184e+03	1.36963184e+01
9.15826298e-02	1.37322511e+03	1.37322511e+01
9.25602231e-02	1.37688710e+03	1.37688710e+01
9.35482516e-02	1.38061829e+03	1.38061829e+01
9.45468268e-02	1.38441909e+03	1.38441909e+01
9.55560613e-02	1.38828982e+03	1.38828982e+01
9.65760687e-02	1.39223069e+03	1.39223069e+01
9.76069642e-02	1.39624178e+03	1.39624178e+01
9.86488639e-02	1.40032304e+03	1.40032304e+01
9.97018853e-02	1.40447427e+03	1.40447427e+01
1.00766147e-01	1.40869509e+03	1.40869509e+01
1.01841769e-01	1.41298495e+03	1.41298495e+01
1.02928873e-01	1.41734309e+03	1.41734309e+01
1.04027581e-01	1.42176850e+03	1.42176850e+01
1.05138017e-01	1.42625994e+03	1.42625994e+01
1.06260307e-01	1.43081587e+03	1.43081587e+01
1.07394576e-01	1.43543444e+03	1.43543444e+01
1.08540953e-01	1.44011346e+03	1.44011346e+01
1.09699567e-01	1.44485036e+03	1.44485036e+01
1.10870548e-01	1.44964215e+03	1.44964215e+01
1.12054030e-01	1.45448539e+03	1.45448539e+01
1.13250144e-01	1.45937610e+03	1.45937610e+01
1.14459025e-01	1.46430978e+03	1.46430978e+01
1.15680811e-01	1.46928131e+03	1.46928131e+01
1.16915639e-01	1.47428489e+03	1.47428489e+01
1.18163648e-01	1.47931399e+03	1.47931399e+01
1.19424979e-01	1.48436129e+03	1.48436129e+01
1.20699774e-01	1.48941856e+03	1.48941856e+01
1.21988176e-01	1.49447664e+03	1.49447664e+01
1.23290332e-01	1.49952532e+03	1.49952532e+01
1.24606387e-01	1.50455323e+03	1.50455323e+01
1.25936491e-01	1.50954777e+03	1.50954777e+01
1.27280792e-01	1.51449498e+03	1.51449498e+01
1.28639443e-01	1.51937945e+03	1.51937945e+01
1.30012597e-01	1.52418414e+03	1.52418414e+01
1.31400409e-01	1.52889032e+03	1.52889032e+01
1.32803035e-01	1.53347739e+03	1.53347739e+01
1.34220633e-01	1.53792272e+03	1.53792272e+01
1.35653363e-01	1.54220154e+03	1.54220154e+01
1.37101387e-01	1.54628675e+03	1.54628675e+01
1.38564867e-01	1.55014876e+03	1.55014876e+01
1.40043970e-01	1.55375532e+03	1.55375532e+01
1.41538860e-01	1.55707138e+03	1.55707138e+01
1.43049709e-01	1.56005886e+03	1.56005886e+01
1.44576684e-01	1.56267657e+03	1.56267657e+01
1.46119959e-01	1.56487996e+03	1.56487996e+01
1.47679708e-01	1.56662104e+03	1.56662104e+01
1.49256106e-01	1.56784822e+03	1.56784822e+01
1.50849332e-01	1.56850622e+03	1.56850622e+01
1.52459564e-01	1.56853598e+03	1.56853598e+01
1.54086984e-01	1.56787465e+03	1.56787465e+01
1.55731777e-01	1.56645556e+03	1.56645556e+01
1.57394126e-01	1.56420835e+03	1.56420835e+01
1.59074220e-01	1.56105905e+03	1.56105905e+01
1.60772248e-01	1.55693039e+03	1.55693039e+01
1.62488402e-01	1.55174205e+03	1.55174205e+01
1.64222875e-01	1.54541117e+03	1.54541117e+01
1.65975862e-01	1.53785289e+03	1.53785289e+01
1.67747562e-01	1.52898106e+03	1.52898106e+01
1.69538173e-01	1.51870916e+03	1.51870916e+01
1.71347898e-01	1.50695125e+03	1.50695125e+01
1.73176941e-01	1.49362329e+03	1.49362329e+01
1.75025508e-01	1.47864441e+03	1.47864441e+01
1.76893807e-01	1.46193855e+03	1.46193855e+01
1.78782049e-01	1.44343615e+03	1.44343615e+01
1.80690448e-01	1.42307596e+03	1.42307596e+01
1.82619217e-01	1.40080708e+03	1.40080708e+01
1.84568575e-01	1.37659091e+03	1.37659091e+01
1.86538741e-01	1.35040324e+03	1.35040324e+01
1.88529938e-01	1.32223621e+03	1.32223621e+01
1.90542389e-01	1.29210019e+03	1.29210019e+01
1.92576322e-01	1.26002544e+03	1.26002544e+01
1.94631967e-01	1.22606343e+03	1.22606343e+01
1.96709554e-01	1.19028789e+03	1.19028789e+01
1.98809319e-01	1.15279526e+03	1.15279526e+01
2.00931497e-01	1.11370474e+03	1.11370474e+01
2.03076328e-01	1.07315768e+03	1.07315768e+01
2.05244054e-01	1.03131635e+03	1.03131635e+01
2.07434919e-01	9.88362176e+02	9.88362176e+00
2.09649171e-01	9.44493265e+02	9.44493265e+00
2.11887059e-01	8.99921503e+02	8.99921503e+00
2.14148834e-01	8.54869140e+02	8.54869140e+00
2.16434753e-01	8.09565058e+02	8.09565058e+00
2.18745073e-01	7.64240832e+02	7.64240832e+00
2.21080054e-01	7.19126720e+02	7.19126720e+00
2.23439960e-01	6.74447737e+02	6.74447737e+00
2.25825056e-01	6.30419946e+02	6.30419946e+00
2.28235612e-01	5.87247092e+02	5.87247092e+00
2.30671900e-01	5.45117681e+02	5.45117681e+00
2.33134193e-01	5.04202591e+02	5.04202591e+00
2.35622770e-01	4.64653242e+02	4.64653242e+00
2.38137911e-01	4.26600371e+02	4.26600371e+00
2.40679900e-01	3.90153379e+02	3.90153379e+00
2.43249023e-01	3.55400233e+02	3.55400233e+00
2.45845570e-01	3.22407859e+02	3.22407859e+00
2.48469834e-01	2.91222968e+02	2.91222968e+00
2.51122111e-01	2.61873230e+02	2.61873230e+00
2.53802699e-01	2.34368728e+02	2.34368728e+00
2.56511900e-01	2.08703596e+02	2.08703596e+00
2.59250021e-01	1.84857784e+02	1.84857784e+00
2.62017370e-01	1.62798877e+02	1.62798877e+00
2.64814259e-01	1.42483903e+02	1.42483903e+00
2.67641003e-01	1.23861092e+02	1.23861092e+00
2.70497921e-01	1.06871550e+02	1.06871550e+00
2.73385334e-01	9.14508058e+01	9.14508058e-01
2.76303570e-01	7.75302276e+01	7.75302276e-01
2.79252956e-01	6.50382912e+01	6.50382912e-01
2.82233825e-01	5.39016934e+01	5.39016934e-01
2.85246513e-01	4.40463152e+01	4.40463152e-01
2.88291359e-01	3.53980371e+01	3.53980371e-01
2.91368708e-01	2.78834162e+01	2.78834162e-01
2.94478906e-01	2.14302326e+01	2.14302326e-01
2.97622304e-01	1.59679188e+01	1.59679188e-01
3.00799255e-01	1.14278812e+01	1.14278812e-01
3.04010119e-01	7.74372774e+00	7.74372774e-02
3.07255256e-01	4.85141155e+00	4.85141155e-02
3.10535034e-01	2.68930248e+00	2.68930248e-02
3.13849822e-01	1.19819630e+00	1.19819630e-02
3.17199993e-01	3.21271300e-01	3.21271300e-03
3.20585925e-01	4.00091931e-03	4.00091931e-05
3.24008001e-01	1.94030378e-01	1.94030378e-03
3.27466605e-01	8.41024749e-01	8.41024749e-03
3.30962127e-01	1.89649529e+00	1.89649529e-02
3.34494963e-01	3.31361058e+00	3.31361058e-02
3.38065509e-01	5.04699883e+00	5.04699883e-02
3.41674169e-01	7.05254774e+00	7.05254774e-02
3.45321350e-01	9.28720841e+00	9.28720841e-02
3.49007462e-01	1.17088103e+01	1.17088103e-01
3.52732921e-01	1.42758948e+01	1.42758948e-01
3.56498147e-01	1.69475750e+01	1.69475750e-01
3.60303565e-01	1.96834311e+01	1.96834311e-01
3.64149604e-01	2.24434503e+01	2.24434503e-01
3.68036697e-01	2.51880210e+01	2.51880210e-01
3.71965283e-01	2.78779913e+01	2.78779913e-01
3.75935804e-01	3.04748015e+01	3.04748015e-01
3.79948708e-01	3.29406986e+01	3.29406986e-01
3.84004448e-01	3.52390392e+01	3.52390392e-01
3.88103481e-01	3.73346846e+01	3.73346846e-01
3.92246268e-01	3.91944860e+01	3.91944860e-01
3.96433277e-01	4.07878537e+01	4.07878537e-01
4.00664981e-01	4.20873959e+01	4.20873959e-01
4.04941855e-01	4.30696062e+01	4.30696062e-01
4.09264383e-01	4.37155698e+01	4.37155698e-01
4.13633051e-01	4.40116517e+01	4.40116517e-01
4.18048352e-01	4.39501241e+01	4.39501241e-01
4.22510784e-01	4.35296849e+01	4.35296849e-01
4.27020850e-01	4.27558229e+01	4.27558229e-01
4.31579059e-01	4.16409844e+01	4.16409844e-01
4.36185923e-01	4.02045107e+01	4.02045107e-01
4.40841964e-01	3.84723224e+01	3.84723224e-01
4.45547705e-01	3.64763508e+01	3.64763508e-01
4.50303677e-01	3.42537271e+01	3.42537271e-01
4.55110417e-01	3.18457658e+01	3.18457658e-01
4.59968466e-01	2.92967891e+01	2.92967891e-01
4.64878372e-01	2.66528540e+01	2.66528540e-01
4.69840688e-01	2.39604489e+01	2.39604489e-01
4.74855974e-01	2.12652271e+01	2.12652271e-01
4.79924796e-01	1.86108368e+01	1.86108368e-01
4.85047724e-01	1.60378974e+01	1.60378974e-01
4.90225337e-01	1.35831588e+01	1.35831588e-01
4.95458218e-01	1.12788599e+01	1.12788599e-01
5.00746957e-01	9.15229329e+00	9.15229329e-02
5.06092151e-01	7.22556345e+00	7.22556345e-02
5.11494401e-01	5.51551927e+00	5.51551927e-02
5.16954317e-01	4.03383252e+00	4.03383252e-02
5.22472515e-01	2.78719056e+00	2.78719056e-02
5.28049617e-01	1.77757126e+00	1.77757126e-02
5.33686251e-01	1.00257003e+00	1.00257003e-02
5.39383053e-01	4.55753221e-01	4.55753221e-03
5.45140665e-01	1.27017393e-01	1.27017393e-03
5.50959736e-01	2.94043916e-03	2.94043916e-05
5.56840923e-01	6.71168527e-02	6.71168527e-04
5.62784888e-01	3.00476109e-01	3.00476109e-03
5.68792302e-01	6.81589100e-01	6.81589100e-03
5.74863841e-01	1.18697311e+00	1.18697311e-02
5.81000191e-01	1.79141033e+00	1.79141033e-02
5.87202042e-01	2.46829831e+00	2.46829831e-02
5.93470095e-01	3.19005203e+00	3.19005203e-02
5.99805056e-01	3.92857685e+00	3.92857685e-02
6.06207640e-01	4.65582768e+00	4.65582768e-02
6.12678567e-01	5.34446261e+00	5.34446261e-02
6.19218567e-01	5.96858872e+00	5.96858872e-02
6.25828379e-01	6.50458343e+00	6.50458343e-02
6.32508746e-01	6.93195837e+00	6.93195837e-02
6.39260423e-01	7.23421582e+00	7.23421582e-02
6.46084170e-01	7.39963304e+00	7.39963304e-02
6.52980757e-01	7.42190056e+00	7.42190056e-02
6.59950961e-01	7.30054046e+00	7.30054046e-02
6.66995568e-01	7.04104040e+00	7.04104040e-02
6.74115372e-01	6.65466132e+00	6.65466132e-02
6.81311176e-01	6.15790684e+00	6.15790684e-02
6.88583792e-01	5.57167793e+00	5.57167793e-02
6.95934038e-01	4.92017061e+00	4.92017061e-02
7.03362744e-01	4.22960128e+00	4.22960128e-02
7.10870748e-01	3.52685948e+00	3.52685948e-02
7.18458895e-01	2.83818885e+00	2.83818885e-02
7.26128041e-01	2.18798500e+00	2.18798500e-02
7.33879052e-01	1.59777681e+00	1.59777681e-02
7.41712800e-01	1.08543115e+00	1.08543115e-02
7.49630169e-01	6.64593857e-01	6.64593857e-03
7.57632051e-01	3.44358532e-01	3.44358532e-03
7.65719349e-01	1.29139059e-01	1.29139059e-03
7.73892974e-01	1.87157817e-02	1.87157817e-04
7.82153848e-01	8.42582082e-03	8.42582082e-05
7.90502903e-01	8.94750052e-02	8.94750052e-04
7.98941079e-01	2.49359180e-01	2.49359180e-03
8.07469327e-01	4.72393737e-01	4.72393737e-03
8.16088610e-01	7.40359085e-01	7.40359085e-03
8.24799899e-01	1.03327361e+00	1.03327361e-02
8.33604176e-01	1.33030185e+00	1.33030185e-02
8.42502434e-01	1.61079241e+00	1.61079241e-02
8.51495676e-01	1.85541760e+00	1.85541760e-02
8.60584916e-01	2.04735692e+00	2.04735692e-02
8.69771178e-01	2.17343512e+00	2.17343512e-02
8.79055498e-01	2.22510012e+00	2.22510012e-02
8.88438923e-01	2.19911647e+00	2.19911647e-02
8.97922511e-01	2.09786284e+00	2.09786284e-02
9.07507331e-01	1.92916074e+00	1.92916074e-02
9.17194464e-01	1.70562056e+00	1.70562056e-02
9.26985001e-01	1.44355902e+00	1.44355902e-02
9.36880047e-01	1.16160296e+00	1.16160296e-02
9.46880717e-01	8.79133953e-01	8.79133953e-03
9.56988139e-01	6.14738038e-01	6.14738038e-03
9.67203451e-01	3.84806642e-01	3.84806642e-03
9.77527807e-01	2.02395632e-01	2.02395632e-03
9.87962369e-01	7.64038506e-02	7.64038506e-04
9.98508314e-01	1.10913859e-02	1.10913859e-04
1.00916683e+00	5.93008496e-03	5.93008496e-05
1.01993912e+00	5.57665034e-02	5.57665034e-04
1.03082640e+00	1.51277648e-01	1.51277648e-03
1.04182990e+00	2.79705308e-01	2.79705308e-03
1.05295085e+00	4.25856398e-01	4.25856398e-03
1.06419051e+00	5.73345914e-01	5.73345914e-03
1.07555014e+00	7.06030529e-01	7.06030529e-03
1.08703104e+00	8.09535552e-01	8.09535552e-03
1.09863449e+00	8.72725780e-01	8.72725780e-03
1.11036180e+00	8.88929528e-01	8.88929528e-03
1.12221429e+00	8.56716348e-01	8.56716348e-03
1.13419330e+00	7.80068580e-01	7.80068580e-03
1.14630017e+00	6.67875501e-01	6.67875501e-03
1.15853629e+00	5.32797555e-01	5.32797555e-03
1.17090301e+00	3.89663212e-01	3.89663212e-03
1.18340175e+00	2.53638330e-01	2.53638330e-03
1.19603390e+00	1.38427908e-01	1.38427908e-03
1.20880089e+00	5.47357129e-02	5.47357129e-04
1.22170416e+00	9.13982934e-03	9.13982934e-05
1.23474517e+00	3.46950654e-03	3.46950654e-05
1.24792538e+00	3.47116474e-02	3.47116474e-04
1.26124629e+00	9.54401632e-02	9.54401632e-04
1.27470939e+00	1.74739641e-01	1.74739641e-03
1.28831620e+00	2.59568738e-01	2.59568738e-03
1.30206825e+00	3.36461851e-01	3.36461851e-03
1.31596710e+00	3.93395327e-01	3.93395327e-03
1.33001431e+00	4.21562892e-01	4.21562892e-03
1.34421147e+00	4.16750154e-01	4.16750154e-03
1.35856017e+00	3.80012778e-01	3.80012778e-03
1.37306204e+00	3.17470968e-01	3.17470968e-03
1.38771871e+00	2.39217447e-01	2.39217447e-03
1.40253183e+00	1.57538939e-01	1.57538939e-03
1.41750307e+00	8.47999979e-02	8.47999979e-04
1.43263413e+00	3.13860242e-02	3.13860242e-04
1.44792669e+00	4.05115947e-03	4.05115947e-05
1.46338250e+00	4.90789752e-03	4.90789752e-05
1.47900329e+00	3.11789242e-02	3.11789242e-04
1.49479082e+00	7.57357660e-02	7.57357660e-04
1.51074688e+00	1.28368386e-01	1.28368386e-03
1.52687325e+00	1.77639469e-01	1.77639469e-03
1.54317177e+00	2.13058936e-01	2.13058936e-03
1.55964427e+00	2.27185920e-01	2.27185920e-03
1.57629259e+00	2.17187958e-01	2.17187958e-03
1.59311864e+00	1.85436550e-01	1.85436550e-03
1.61012428e+00	1.38928310e-01	1.38928310e-03
1.62731146e+00	8.76387838e-02	8.76387838e-04
1.64468210e+00	4.22162843e-02	4.22162843e-04
1.66223816e+00	1.15841515e-02	1.15841515e-04
1.67998162e+00	1.00001416e-03	1.00001416e-05
1.69791448e+00	1.09700855e-02	1.09700855e-04
1.71603877e+00	3.72208356e-02	3.72208356e-04
1.73435652e+00	7.17414368e-02	7.17414368e-04
1.75286981e+00	1.04724070e-01	1.04724070e-03
1.77158071e+00	1.27023039e-01	1.27023039e-03
1.79049134e+00	1.32550993e-01	1.32550993e-03
1.80960384e+00	1.19930697e-01	1.19930697e-03
1.82892034e+00	9.28462532e-02	9.28462532e-04
1.84844305e+00	5.89184283e-02	5.89184283e-04
1.86817414e+00	2.74284328e-02	2.74284328e-04
1.88811585e+00	6.59926344e-03	6.59926344e-05
1.90827043e+00	1.24983840e-03	1.24983840e-05
1.92864015e+00	1.14745237e-02	1.14745237e-04
1.94922730e+00	3.26953403e-02	3.26953403e-04
1.97003421e+00	5.70928221e-02	5.70928221e-04
1.99106323e+00	7.60701941e-02	7.60701941e-04
2.01231671e+00	8.30581629e-02	8.30581629e-04
2.03379707e+00	7.57329494e-02	7.57329494e-04
2.05550671e+00	5.67934827e-02	5.67934827e-04
2.07744809e+00	3.29283966e-02	3.29283966e-04
2.09962369e+00	1.23299089e-02	1.23299089e-04
2.12203600e+00	1.70086652e-03	1.70086652e-05
2.14468754e+00	3.86158824e-03	3.86158824e-05
2.16758088e+00	1.67955372e-02	1.67955372e-04
2.19071859e+00	3.44703595e-02	3.44703595e-04
2.21410329e+00	4.91938082e-02	4.91938082e-04
2.23773760e+00	5.46944394e-02	5.46944394e-04
2.26162420e+00	4.87102531e-02	4.87102531e-04
2.28576577e+00	3.39141290e-02	3.39141290e-04
2.31016504e+00	1.66756393e-02	1.66756393e-04
2.33482476e+00	4.18853810e-03	4.18853810e-05
2.35974770e+00	1.27707836e-03	1.27707836e-05
2.38493669e+00	8.30299636e-03	8.30299636e-05
2.41039455e+00	2.10792903e-02	2.10792903e-04
2.43612417e+00	3.28631111e-02	3.28631111e-04
2.46212843e+00	3.76049118e-02	3.76049118e-04
2.48841027e+00	3.29408862e-02	3.29408862e-04
2.51497266e+00	2.13572340e-02	2.13572340e-04
2.54181858e+00	8.81838449e-03	8.81838449e-05
2.56895107e+00	1.56124871e-03	1.56124871e-05
2.59637319e+00	2.78984881e-03	2.78984881e-05
2.62408802e+00	1.10241976e-02	1.10241976e-04
2.65209869e+00	2.09808447e-02	2.09808447e-04
2.68040836e+00	2.65792751e-02	2.65792751e-04
2.70902021e+00	2.44728714e-02	2.44728714e-04
2.73793749e+00	1.60136706e-02	1.60136706e-04
2.76716344e+00	6.35191669e-03	6.35191669e-05
2.79670136e+00	1.17986038e-03	1.17986038e-05
2.82655458e+00	3.17680372e-03	3.17680372e-05
2.85672647e+00	1.03824976e-02	1.03824976e-04
2.88722042e+00	1.75320277e-02	1.75320277e-04
2.91803988e+00	1.95794026e-02	1.95794026e-04
2.94918833e+00	1.51353455e-02	1.51353455e-04
2.98066926e+00	7.38409705e-03	7.38409705e-05
3.01248623e+00	1.73012794e-03	1.73012794e-05
3.04464284e+00	1.86298973e-03	1.86298973e-05
3.07714270e+00	7.11142324e-03	7.11142324e-05
3.10998947e+00	1.30196529e-02	1.30196529e-04
3.14318687e+00	1.47878773e-02	1.47878773e-04
3.17673863e+00	1.10295721e-02	1.10295721e-04
3.21064853e+00	4.82650164e-03	4.82650164e-05
3.24492041e+00	1.12633581e-03	1.12633581e-05
3.27955812e+00	2.62094880e-03	2.62094880e-05
3.31456556e+00	7.54659095e-03	7.54659095e-05
3.34994670e+00	1.12685104e-02	1.12685104e-04
3.38570550e+00	1.03799928e-02	1.03799928e-04
3.42184601e+00	5.74121517e-03	5.74121517e-05
3.45837230e+00	1.60707923e-03	1.60707923e-05
3.49528849e+00	1.59501487e-03	1.59501487e-05
3.53259874e+00	5.29425198e-03	5.29425198e-05
3.57030725e+00	8.74211321e-03	8.74211321e-05
3.60841828e+00	8.37578218e-03	8.37578218e-05
3.64693613e+00	4.61066812e-03	4.61066812e-05
3.68586513e+00	1.33129819e-03	1.33129819e-05
3.72520968e+00	1.75912094e-03	1.75912094e-05
3.76497420e+00	5.06344437e-03	5.06344437e-05
3.80516319e+00	7.34275371e-03	7.34275371e-05
3.84578118e+00	5.98284577e-03	5.98284577e-05
3.88683274e+00	2.57942704e-03	2.57942704e-05
3.92832251e+00	1.00766076e-03	1.00766076e-05
3.97025515e+00	2.84847579e-03	2.84847579e-05
4.01263540e+00	5.57307964e-03	5.57307964e-05
4.05546804e+00	5.68761838e-03	5.68761838e-05
4.09875789e+00	3.07196036e-03	3.07196036e-05
4.14250983e+00	1.05221428e-03	1.05221428e-05
4.18672880e+00	2.05098867e-03	2.05098867e-05
4.23141979e+00	4.46101140e-03	4.46101140e-05
4.27658783e+00	4.87153229e-03	4.87153229e-05
4.32223801e+00	2.72829541e-03	2.72829541e-05
4.36837548e+00	1.02819612e-03	1.02819612e-05
4.41500544e+00	2.01649746e-03	2.01649746e-05
4.46213315e+00	4.00765228e-03	4.00765228e-05
4.50976393e+00	3.93361673e-03	3.93361673e-05
4.55790313e+00	1.92652693e-03	1.92652693e-05
4.60655619e+00	1.03261262e-03	1.03261262e-05
4.65572860e+00	2.45462620e-03	2.45462620e-05
4.70542590e+00	3.72982368e-03	3.72982368e-05
4.75565369e+00	2.74249303e-03	2.74249303e-05
4.80641763e+00	1.14198003e-03	1.14198003e-05
4.85772344e+00	1.51277905e-03	1.51277905e-05
4.90957692e+00	3.02099065e-03	3.02099065e-05
4.96198391e+00	2.93589868e-03	2.93589868e-05
5.01495031e+00	1.42340323e-03	1.42340323e-05
5.06848209e+00	1.16346353e-03	1.16346353e-05
5.12258530e+00	2.46213333e-03	2.46213333e-05
5.17726603e+00	2.77004271e-03	2.77004271e-05
5.23253045e+00	1.50413053e-03	1.50413053e-05
5.28838478e+00	1.08452600e-03	1.08452600e-05
5.34483533e+00	2.18890356e-03	2.18890356e-05
5.40188845e+00	2.49156316e-03	2.49156316e-05
5.45955059e+00	1.37707088e-03	1.37707088e-05
5.51782823e+00	1.12156595e-03	1.12156595e-05
5.57672796e+00	2.12601478e-03	2.12601478e-05
5.63625641e+00	2.15066723e-03	2.15066723e-05
5.69642029e+00	1.14884636e-03	1.14884636e-05
5.75722638e+00	1.28473865e-03	1.28473865e-05
5.81868155e+00	2.12515029e-03	2.12515029e-05
5.88079272e+00	1.70070599e-03	1.70070599e-05
5.94356689e+00	1.00098692e-03	1.00098692e-05
6.00701114e+00	1.59177389e-03	1.59177389e-05
6.07113262e+00	1.95803963e-03	1.95803963e-05
6.13593856e+00	1.20177543e-03	1.20177543e-05
6.20143627e+00	1.16362858e-03	1.16362858e-05
6.26763313e+00	1.83617716e-03	1.83617716e-05
6.33453660e+00	1.46424728e-03	1.46424728e-05
6.40215424e+00	1.00895749e-03	1.00895749e-05
6.47049365e+00	1.58635489e-03	1.58635489e-05
6.53956254e+00	1.59205319e-03	1.59205319e-05
6.60936871e+00	1.01278216e-03	1.01278216e-05
6.67992002e+00	1.38346355e-03	1.38346355e-05
6.75122443e+00	1.59880991e-03	1.59880991e-05
6.82328997e+00	1.04811316e-03	1.04811316e-05
6.89612477e+00	1.26922884e-03	1.26922884e-05
6.96973704e+00	1.54883569e-03	1.54883569e-05
7.04413508e+00	1.05813571e-03	1.05813571e-05
7.11932728e+00	1.22812171e-03	1.22812171e-05
7.19532211e+00	1.47990252e-03	1.47990252e-05
7.27212815e+00	1.03731535e-03	1.03731535e-05
7.34975404e+00	1.23954350e-03	1.23954350e-05
7.42820855e+00	1.39534294e-03	1.39534294e-05
7.50750052e+00	1.00699520e-03	1.00699520e-05
7.58763889e+00	1.28507685e-03	1.28507685e-05
7.66863268e+00	1.28090547e-03	1.28090547e-05
7.75049104e+00	1.00638004e-03	1.00638004e-05
7.83322319e+00	1.33008869e-03	1.33008869e-05
7.91683847e+00	1.13611625e-03	1.13611625e-05
8.00134628e+00	1.07584376e-03	1.07584376e-05
8.08675618e+00	1.30992399e-03	1.30992399e-05
8.17307777e+00	1.01653660e-03	1.01653660e-05
8.26032080e+00	1.20082608e-03	1.20082608e-05
8.34849510e+00	1.17605919e-03	1.17605919e-05
8.43761061e+00	1.02712950e-03	1.02712950e-05
8.52767738e+00	1.25458990e-03	1.25458990e-05
8.61870556e+00	1.01878416e-03	1.01878416e-05
8.71070542e+00	1.16704502e-03	1.16704502e-05
8.80368732e+00	1.12277082e-03	1.12277082e-05
8.89766175e+00	1.04622700e-03	1.04622700e-05
8.99263931e+00	1.19417355e-03	1.19417355e-05
9.08863070e+00	1.00003971e-03	1.00003971e-05
9.18564674e+00	1.18179827e-03	1.18179827e-05
9.28369838e+00	1.02704845e-03	1.02704845e-05
9.38279666e+00	1.12153758e-03	1.12153758e-05
9.48295276e+00	1.07716576e-03	1.07716576e-05
9.58417797e+00	1.06126523e-03	1.06126523e-05
9.68648371e+00	1.11390848e-03	1.11390848e-05
9.78988150e+00	1.02289973e-03	1.02289973e-05
9.89438300e+00	1.12834927e-03	1.12834927e-05
1.00000000e+01	1.00564749e-03	1.00564749e-05
